# [MPU] Offsets Ac: 0.1466 0.0261 0.0442
# [DIST] Calibrando distancia base...
# [DIST] Distancia base: 11.19 cm
# millis,rms,freq_dom_hz,f2hz,f5hz,f10hz,f20hz,f35hz,distancia_cm,asentamiento_cm,temperatura_c,humedad_pct,vibrador
5703,0.143627,20.0,0.007007,0.008119,0.010903,0.053371,0.015593,11.086,-0.105,26.00,10.00,ON
7989,0.085629,33.0,0.001326,0.003039,0.001098,0.014059,0.005729,11.245,0.053,26.00,9.00,ON
9989,0.083359,34.0,0.002507,0.002053,0.007229,0.009061,0.010731,11.088,-0.103,26.00,8.67,ON
12023,0.085521,34.0,0.003184,0.004228,0.007599,0.010273,0.007912,11.140,-0.052,25.95,9.25,ON
14390,0.078940,33.0,0.002204,0.001867,0.003569,0.008346,0.005051,11.074,-0.117,25.94,9.40,OFF
16390,0.001245,7.0,0.000161,0.000127,0.000054,0.000100,0.000027,10.978,-0.214,25.92,9.40,OFF
18424,0.001310,12.0,0.000204,0.000148,0.000130,0.000130,0.000015,11.219,0.028,25.90,9.40,OFF
20789,0.086087,33.0,0.002055,0.005301,0.005847,0.006517,0.005535,10.981,-0.210,25.86,9.60,ON
22789,0.085257,34.0,0.003547,0.003636,0.004978,0.006330,0.013223,10.891,-0.300,25.86,9.20,ON
24822,0.083725,34.0,0.002838,0.004445,0.005576,0.009868,0.008232,10.881,-0.310,25.84,9.60,ON
27189,0.084861,33.0,0.002875,0.002219,0.005535,0.007599,0.007317,10.952,-0.240,25.82,9.60,ON
29189,0.093192,34.0,0.004066,0.006906,0.005587,0.015984,0.006410,11.241,0.050,25.80,10.00,OFF
31223,0.001240,2.0,0.000494,0.000085,0.000114,0.000116,0.000026,11.045,-0.147,25.80,10.20,OFF
33590,0.001271,10.0,0.000266,0.000097,0.000324,0.000017,0.000024,10.881,-0.310,25.78,10.20,ON
35590,0.083798,34.0,0.002474,0.003698,0.008909,0.006348,0.010967,10.874,-0.317,25.76,9.60,ON
37623,0.084174,34.0,0.005904,0.002216,0.008465,0.005389,0.009386,10.972,-0.219,25.76,9.80,ON
39989,0.086543,33.0,0.008483,0.002770,0.003315,0.007120,0.007359,11.233,0.041,25.74,10.00,ON
41989,0.083853,34.0,0.000232,0.003713,0.007092,0.009753,0.007437,10.938,-0.253,25.72,10.20,ON
44022,0.082868,33.0,0.004975,0.000909,0.001258,0.012044,0.006209,10.960,-0.231,25.74,10.80,OFF
46390,0.001355,2.0,0.000428,0.000157,0.000248,0.000099,0.000028,11.083,-0.109,25.76,11.00,OFF
48390,0.001270,6.0,0.000119,0.000313,0.000068,0.000117,0.000010,10.981,-0.210,25.76,10.80,OFF
50423,0.084578,33.0,0.005848,0.001545,0.007843,0.004434,0.012307,10.891,-0.300,25.78,10.80,ON
52789,0.085279,33.0,0.004772,0.004384,0.010532,0.004262,0.003269,10.878,-0.314,25.80,10.80,ON
54789,0.084538,34.0,0.000553,0.004923,0.004667,0.012371,0.009592,10.881,-0.310,25.80,10.60,ON
56823,0.085723,33.0,0.005182,0.001775,0.004367,0.010618,0.008003,11.026,-0.166,25.78,11.00,ON
59189,0.087725,33.0,0.003307,0.002606,0.004765,0.010745,0.007358,11.081,-0.110,25.76,11.40,OFF
61189,0.001560,2.0,0.000398,0.000181,0.000157,0.000081,0.000012,11.028,-0.164,25.74,11.60,OFF
63223,0.001288,5.0,0.000184,0.000343,0.000087,0.000083,0.000005,10.879,-0.312,25.72,11.80,OFF
65589,0.087459,33.0,0.004786,0.002789,0.012072,0.006063,0.003938,10.878,-0.314,25.70,12.00,ON
67589,0.090271,34.0,0.002060,0.006060,0.008473,0.013161,0.010528,10.964,-0.228,25.70,12.00,ON
69623,0.083874,34.0,0.001610,0.003100,0.004222,0.006809,0.008453,10.898,-0.293,25.70,12.20,ON
71989,0.088753,33.0,0.002676,0.001418,0.003432,0.014237,0.006642,10.866,-0.326,25.70,12.20,ON
73989,0.092662,33.0,0.002598,0.006762,0.006794,0.014814,0.003828,10.871,-0.321,25.70,12.20,ON
76024,0.001823,2.0,0.000522,0.000142,0.000084,0.000160,0.000033,11.048,-0.143,25.70,12.60,OFF
78390,0.001343,13.0,0.000058,0.000192,0.000256,0.000101,0.000015,11.033,-0.159,25.68,12.60,OFF
80390,0.004121,5.0,0.000565,0.001594,0.000112,0.000163,0.000054,10.947,-0.245,25.66,12.40,ON
82423,0.090697,34.0,0.004489,0.002239,0.006495,0.013413,0.008310,10.881,-0.310,25.64,12.60,ON
84789,0.089007,33.0,0.005840,0.002380,0.005094,0.015438,0.007506,10.922,-0.269,25.62,12.60,ON
86789,0.084291,34.0,0.004949,0.002963,0.003913,0.010540,0.007667,11.176,-0.016,25.60,12.20,ON
88823,0.082535,33.0,0.003641,0.004047,0.001448,0.009962,0.006250,11.247,0.055,25.60,12.80,ON
91190,0.002104,4.0,0.000273,0.000068,0.000330,0.000171,0.000010,11.240,0.048,25.60,12.80,OFF
93190,0.001357,8.0,0.000206,0.000276,0.000213,0.000217,0.000012,11.097,-0.095,25.60,12.60,OFF
95223,0.001456,8.0,0.000226,0.000260,0.000299,0.000160,0.000034,10.893,-0.298,25.58,12.80,ON
97589,0.087251,33.0,0.005917,0.001707,0.005728,0.004808,0.005692,11.145,-0.047,25.58,12.80,ON
99589,0.085841,34.0,0.001889,0.004153,0.009683,0.006904,0.007827,11.017,-0.174,25.58,12.20,ON
101623,0.086621,33.0,0.004097,0.001144,0.008549,0.007324,0.007652,10.931,-0.260,25.58,12.40,ON
103989,0.085867,33.0,0.004258,0.001450,0.003117,0.012355,0.006646,10.876,-0.316,25.60,12.40,ON
105989,0.085463,33.0,0.002247,0.003992,0.005774,0.014316,0.006672,10.881,-0.310,25.64,12.20,OFF
108023,0.001547,4.0,0.000229,0.000284,0.000234,0.000133,0.000021,10.879,-0.312,25.64,12.60,OFF
110390,0.001163,10.0,0.000083,0.000067,0.000269,0.000144,0.000016,10.931,-0.260,25.64,12.60,ON
112390,0.090810,34.0,0.005044,0.007019,0.002734,0.008188,0.007826,11.202,0.010,25.64,12.40,ON
114423,0.086874,34.0,0.003470,0.002489,0.004951,0.012610,0.008524,10.943,-0.248,25.62,12.60,ON
116789,0.085544,33.0,0.002503,0.002734,0.004769,0.011587,0.004654,10.879,-0.312,25.60,12.60,ON
118789,0.084493,33.0,0.005588,0.003687,0.000418,0.008806,0.003901,10.866,-0.326,25.60,12.20,ON
120822,0.083839,33.0,0.004343,0.001724,0.001385,0.009775,0.003452,10.926,-0.266,25.58,12.60,OFF
123190,0.001033,13.0,0.000165,0.000118,0.000059,0.000167,0.000013,10.929,-0.262,25.58,12.60,OFF
125190,0.001383,6.0,0.000140,0.000261,0.000156,0.000139,0.000020,10.860,-0.331,25.58,12.40,OFF
127223,0.087193,33.0,0.002961,0.002300,0.004375,0.013498,0.008491,10.972,-0.219,25.58,12.60,ON
129589,0.082470,33.0,0.000627,0.001148,0.002221,0.010635,0.007514,10.872,-0.319,25.58,13.00,ON
131589,0.082757,33.0,0.002699,0.004698,0.003420,0.012866,0.005309,10.862,-0.329,25.60,13.00,ON
133623,0.082747,33.0,0.004403,0.004304,0.001540,0.010487,0.004237,10.888,-0.303,25.60,13.40,ON
135988,0.085344,33.0,0.004071,0.004166,0.001485,0.011712,0.001691,10.933,-0.259,25.58,13.80,OFF
137988,0.002077,3.0,0.000192,0.000340,0.000060,0.000097,0.000018,10.974,-0.217,25.56,14.00,OFF
140023,0.001259,4.0,0.000049,0.000291,0.000208,0.000162,0.000020,10.914,-0.278,25.54,13.80,OFF
142389,0.087055,33.0,0.003927,0.005480,0.000997,0.013031,0.006889,10.916,-0.276,25.52,13.40,ON
144389,0.083766,34.0,0.003928,0.002762,0.006049,0.009530,0.006749,10.948,-0.243,25.50,13.00,ON
146423,0.084565,33.0,0.003732,0.001820,0.004633,0.012990,0.004466,11.155,-0.036,25.50,13.20,ON
148788,0.080804,33.0,0.002206,0.002652,0.002083,0.008946,0.001092,10.897,-0.295,25.50,13.20,ON
150788,0.083645,33.0,0.001399,0.004846,0.002366,0.010320,0.003235,11.114,-0.078,25.50,13.40,ON
152824,0.002171,6.0,0.000069,0.000185,0.000308,0.000193,0.000015,11.103,-0.088,25.50,14.00,OFF
155189,0.001128,5.0,0.000128,0.000364,0.000231,0.000145,0.000022,11.047,-0.145,25.50,14.20,OFF
157189,0.001107,5.0,0.000111,0.000318,0.000174,0.000120,0.000010,10.960,-0.231,25.50,13.80,ON
159222,0.086773,34.0,0.005036,0.002565,0.004314,0.010394,0.008358,10.879,-0.312,25.50,14.00,ON
161588,0.083585,33.0,0.003720,0.001801,0.002662,0.010534,0.003339,10.883,-0.309,25.48,14.00,ON
163588,0.081839,33.0,0.003892,0.004630,0.001801,0.007007,0.003128,10.883,-0.309,25.46,13.80,ON
165622,0.082962,33.0,0.002715,0.004140,0.000437,0.010038,0.001596,10.917,-0.274,25.46,14.20,ON
167990,0.001603,7.0,0.000245,0.000097,0.000157,0.000172,0.000038,10.967,-0.224,25.44,14.60,OFF
169990,0.001103,3.0,0.000202,0.000148,0.000172,0.000084,0.000008,10.886,-0.305,25.42,14.60,OFF
172023,0.001321,8.0,0.000101,0.000096,0.000133,0.000106,0.000013,10.878,-0.314,25.42,15.00,ON
174389,0.085918,33.0,0.003684,0.000291,0.002646,0.012701,0.003417,10.928,-0.264,25.42,15.40,ON
176389,0.082579,33.0,0.002494,0.004578,0.002135,0.008569,0.002672,10.938,-0.253,25.40,15.60,ON
178422,0.080857,33.0,0.003295,0.004367,0.002587,0.006438,0.000673,10.924,-0.267,25.40,16.20,ON
180788,0.081711,33.0,0.003806,0.002899,0.000950,0.008830,0.000682,10.909,-0.283,25.40,16.20,ON
182788,0.081554,32.0,0.004156,0.002600,0.000824,0.002763,0.000968,11.088,-0.103,25.40,16.00,OFF
184823,0.001281,7.0,0.000258,0.000219,0.000215,0.000143,0.000017,11.086,-0.105,25.38,16.00,OFF
187190,0.001353,8.0,0.000109,0.000159,0.000080,0.000100,0.000005,10.940,-0.252,25.36,16.00,ON
189190,0.083414,33.0,0.005040,0.002607,0.003525,0.011503,0.003622,11.129,-0.062,25.34,15.60,ON
191223,0.085350,33.0,0.003797,0.002629,0.005075,0.014193,0.002381,11.050,-0.141,25.30,16.00,ON
193589,0.084012,33.0,0.002553,0.005389,0.002399,0.010715,0.000949,11.053,-0.138,25.28,16.40,ON
195589,0.085782,33.0,0.004064,0.004421,0.003961,0.007720,0.001881,10.912,-0.279,25.28,16.60,ON
197622,0.083398,33.0,0.005167,0.002215,0.002474,0.010795,0.001543,11.098,-0.093,25.26,16.80,OFF
199990,0.001772,7.0,0.000230,0.000259,0.000298,0.000195,0.000004,10.897,-0.295,25.26,16.40,OFF
201990,0.002296,8.0,0.000509,0.000420,0.000219,0.000099,0.000012,10.847,-0.345,25.28,15.80,OFF
# [DHT] LECTURA INVALIDA
# [DHT] LECTURA INVALIDA
# [DHT] LECTURA INVALIDA
210421,0.078201,31.0,0.002526,0.004749,0.004030,0.007974,0.002788,9.657,-1.534,25.28,15.80,ON
# [DHT] LECTURA INVALIDA
# [DHT] LECTURA INVALIDA
# [DHT] LECTURA INVALIDA
# [DHT] LECTURA INVALIDA
# [DHT] LECTURA INVALIDA
223221,0.086922,33.0,0.002259,0.001678,0.004074,0.007090,0.000789,10.338,-0.853,25.26,15.20,ON
225588,0.083726,33.0,0.000851,0.003758,0.001762,0.010074,0.000497,10.319,-0.872,25.24,14.60,ON
227588,0.087135,32.0,0.002283,0.006236,0.002140,0.006735,0.000268,10.257,-0.934,25.20,14.60,ON
229622,0.002267,4.0,0.000130,0.000176,0.000136,0.000116,0.000015,10.305,-0.886,25.18,15.20,OFF
231990,0.001158,4.0,0.000171,0.000239,0.000187,0.000068,0.000007,10.297,-0.895,25.16,15.00,OFF
233990,0.001271,10.0,0.000279,0.000137,0.000281,0.000038,0.000023,10.290,-0.902,25.16,15.40,ON
236021,0.091370,33.0,0.004098,0.003967,0.001892,0.008312,0.001764,10.326,-0.866,25.16,16.20,ON
238388,0.081230,33.0,0.001037,0.002870,0.003221,0.009820,0.000995,10.303,-0.888,25.18,16.80,ON
240388,0.081488,33.0,0.001809,0.000887,0.003174,0.002965,0.001163,10.307,-0.884,25.18,16.80,ON
242421,0.082726,33.0,0.001418,0.003505,0.002916,0.007695,0.000321,10.317,-0.874,25.20,17.20,ON
244790,0.001463,7.0,0.000150,0.000238,0.000207,0.000157,0.000022,10.245,-0.947,25.20,17.40,OFF
246790,0.001166,5.0,0.000101,0.000417,0.000041,0.000091,0.000018,10.312,-0.879,25.22,17.20,OFF
248822,0.001133,14.0,0.000116,0.000152,0.000065,0.000128,0.000018,10.317,-0.874,25.22,17.20,ON
251189,0.088883,33.0,0.004297,0.003034,0.004036,0.009526,0.003289,10.307,-0.884,25.24,17.40,ON
253189,0.082695,33.0,0.000222,0.001939,0.003471,0.001022,0.002200,10.243,-0.948,25.24,17.40,ON
255221,0.081474,33.0,0.002190,0.003131,0.001927,0.008630,0.000392,10.202,-0.990,25.24,17.80,ON
257588,0.081998,32.0,0.001076,0.004039,0.002333,0.010295,0.000564,10.276,-0.916,25.26,17.80,ON
259588,0.080371,33.0,0.001385,0.001302,0.001816,0.002472,0.001555,10.326,-0.866,25.28,17.80,OFF
261622,0.000910,5.0,0.000156,0.000252,0.000063,0.000058,0.000019,10.276,-0.916,25.26,17.80,OFF
263989,0.001033,5.0,0.000043,0.000255,0.000087,0.000120,0.000034,10.316,-0.876,25.24,17.60,ON
265989,0.085183,33.0,0.003801,0.002630,0.003922,0.009391,0.004259,10.272,-0.919,25.24,17.20,ON
268021,0.082865,33.0,0.003450,0.001064,0.004926,0.006407,0.000278,10.331,-0.860,25.22,17.60,ON
270388,0.082984,33.0,0.001135,0.002876,0.002179,0.010119,0.000539,10.334,-0.857,25.22,17.60,ON
272388,0.084069,32.0,0.002086,0.006028,0.004322,0.009007,0.000030,10.298,-0.893,25.24,17.40,ON
274421,0.082223,32.0,0.003581,0.006162,0.000868,0.012136,0.001299,10.298,-0.893,25.24,17.40,OFF
276789,0.001361,12.0,0.000212,0.000264,0.000029,0.000029,0.000021,10.340,-0.852,25.24,17.40,OFF
278789,0.002070,13.0,0.000284,0.000249,0.000070,0.000266,0.000021,10.317,-0.874,25.24,17.00,OFF
280822,0.084284,33.0,0.002034,0.000585,0.002390,0.006806,0.004438,10.272,-0.919,25.22,16.80,ON
283188,0.083575,33.0,0.001183,0.001291,0.002447,0.008942,0.000680,10.317,-0.874,25.20,16.80,ON
285188,0.083622,33.0,0.002974,0.003192,0.005907,0.007613,0.000854,10.122,-1.069,25.20,16.80,ON
287222,0.082767,33.0,0.002140,0.003403,0.002897,0.008813,0.001262,10.260,-0.931,25.18,17.00,ON
289588,0.083921,33.0,0.002788,0.005963,0.003359,0.009601,0.000539,10.328,-0.864,25.18,17.00,OFF
291588,0.002413,1.0,0.000347,0.000199,0.000185,0.000094,0.000042,10.338,-0.853,25.18,17.20,OFF
293622,0.001117,3.0,0.000233,0.000072,0.000065,0.000065,0.000015,10.319,-0.872,25.18,17.20,OFF
295988,0.086180,33.0,0.003581,0.001119,0.005082,0.007823,0.003053,10.328,-0.864,25.18,17.00,ON
297988,0.084733,33.0,0.005289,0.003051,0.004175,0.006082,0.003486,10.307,-0.884,25.20,16.60,ON
300021,0.083476,33.0,0.001218,0.003858,0.001319,0.008854,0.000413,10.338,-0.853,25.20,16.80,ON
302388,0.083474,32.0,0.001514,0.003859,0.002308,0.010107,0.000575,10.264,-0.928,25.20,17.00,ON
304388,0.085079,32.0,0.002918,0.004096,0.004756,0.014594,0.001566,10.131,-1.060,25.20,17.20,ON
306422,0.032909,7.0,0.006902,0.008104,0.002875,0.000439,0.000163,10.271,-0.921,25.20,17.40,OFF
308789,0.013889,7.0,0.000645,0.001601,0.000392,0.000650,0.000056,10.307,-0.884,25.18,17.40,OFF
310789,0.002230,4.0,0.000198,0.000416,0.000188,0.000181,0.000031,9.945,-1.247,25.16,17.00,ON
312821,0.080199,32.0,0.001775,0.002288,0.002700,0.011546,0.001771,10.262,-0.929,25.16,16.80,ON
315188,0.080723,33.0,0.000450,0.002822,0.002907,0.009627,0.000110,10.336,-0.855,25.16,16.80,ON
317188,0.083743,33.0,0.002102,0.004812,0.005176,0.007228,0.000523,10.303,-0.888,25.16,17.00,ON
319221,0.082265,32.0,0.003267,0.003552,0.003206,0.013692,0.002088,10.098,-1.093,25.18,17.40,ON
321590,0.002252,1.0,0.000392,0.000434,0.000137,0.000061,0.000028,10.328,-0.864,25.20,17.60,OFF
323590,0.008657,6.0,0.001650,0.001371,0.000524,0.000586,0.000028,10.214,-0.978,25.20,17.60,OFF
325622,0.001028,8.0,0.000157,0.000134,0.000099,0.000056,0.000026,10.240,-0.952,25.20,17.60,ON
327988,0.082292,33.0,0.001468,0.003355,0.002689,0.009284,0.003683,10.307,-0.884,25.20,17.60,ON
329988,0.080452,33.0,0.002021,0.001868,0.004441,0.003149,0.001272,10.040,-1.152,25.20,17.60,ON
332021,0.081338,33.0,0.002775,0.002063,0.003583,0.007244,0.000618,10.079,-1.112,25.20,17.80,ON
334388,0.082698,33.0,0.001976,0.001294,0.001031,0.008588,0.000658,10.226,-0.966,25.20,18.00,ON
336388,0.082228,33.0,0.003340,0.001354,0.005532,0.004386,0.002741,10.252,-0.940,25.20,18.00,OFF
# [DHT] LECTURA INVALIDA
340789,0.003145,2.0,0.001505,0.000155,0.000122,0.000031,0.000033,10.307,-0.884,25.18,18.00,ON
342789,0.088037,33.0,0.003972,0.005080,0.004352,0.010651,0.001083,9.895,-1.297,25.16,18.00,ON
344822,0.104587,8.0,0.005917,0.010550,0.010658,0.005277,0.000650,10.178,-1.014,25.16,17.40,ON
347188,0.079366,32.0,0.001861,0.000812,0.003893,0.008686,0.000784,10.290,-0.902,25.14,17.20,ON
349188,0.082818,32.0,0.000918,0.006199,0.003868,0.014038,0.001019,10.309,-0.883,25.12,17.00,ON
351222,0.080550,32.0,0.001615,0.004027,0.002372,0.013469,0.002712,10.307,-0.884,25.12,17.20,OFF
353589,0.002146,2.0,0.000935,0.000039,0.000061,0.000058,0.000021,10.303,-0.888,25.12,16.80,OFF
355589,0.001278,2.0,0.000425,0.000137,0.000141,0.000055,0.000038,10.317,-0.874,25.10,17.00,OFF
357621,0.084130,32.0,0.004536,0.003477,0.002289,0.012770,0.001201,10.012,-1.179,25.12,17.00,ON
359989,0.086365,32.0,0.001621,0.004619,0.002909,0.012934,0.001205,10.260,-0.931,25.14,17.00,ON
361989,0.082230,32.0,0.000720,0.005443,0.004625,0.011693,0.002194,10.255,-0.936,25.16,16.60,ON
364021,0.084949,32.0,0.000922,0.006086,0.002484,0.013779,0.002649,10.310,-0.881,25.16,17.00,ON
366388,0.082812,32.0,0.001823,0.005933,0.000182,0.010187,0.002058,10.297,-0.895,25.18,17.20,OFF
368388,0.001918,4.0,0.000406,0.000218,0.000226,0.000094,0.000038,10.259,-0.933,25.18,17.20,OFF
370422,0.002281,13.0,0.000027,0.000180,0.000040,0.000518,0.000090,10.243,-0.948,25.16,17.20,OFF
372789,0.063560,33.0,0.001102,0.003249,0.003262,0.006055,0.000384,10.110,-1.081,25.16,17.20,ON
374789,0.083966,33.0,0.001178,0.001507,0.005506,0.004505,0.000888,10.297,-0.895,25.18,17.00,ON
376821,0.082299,32.0,0.001823,0.000907,0.004735,0.009285,0.001928,10.226,-0.966,25.18,17.20,ON
379188,0.080236,32.0,0.003244,0.001116,0.001481,0.009503,0.001034,10.297,-0.895,25.18,17.20,ON
381188,0.063964,32.0,0.001037,0.003195,0.001321,0.008855,0.000783,10.086,-1.105,25.20,17.20,ON
383222,0.013430,6.0,0.000636,0.000809,0.000460,0.000671,0.000031,10.122,-1.069,25.18,17.40,OFF
385589,0.016264,6.0,0.002110,0.003210,0.002078,0.000777,0.000031,10.072,-1.119,25.20,17.60,OFF
387589,0.003211,4.0,0.000705,0.000897,0.000149,0.000115,0.000020,9.433,-1.759,25.22,17.60,ON
389621,0.055778,32.0,0.001526,0.003653,0.002477,0.008019,0.001346,9.572,-1.619,25.22,17.80,ON
391989,0.065913,32.0,0.003557,0.004574,0.002360,0.011179,0.001572,9.683,-1.509,25.22,17.80,ON
393989,0.063092,32.0,0.000539,0.003392,0.000481,0.009955,0.000277,9.612,-1.579,25.24,17.60,ON
396020,0.048968,32.0,0.000778,0.003483,0.000949,0.007507,0.000722,9.709,-1.483,25.22,17.60,ON
398390,0.001404,10.0,0.000067,0.000148,0.000386,0.000021,0.000039,9.776,-1.416,25.18,17.60,OFF
400390,0.001275,9.0,0.000156,0.000122,0.000311,0.000154,0.000021,9.800,-1.391,25.16,17.60,OFF
402422,0.001535,5.0,0.000097,0.000372,0.000270,0.000006,0.000032,9.555,-1.636,25.14,17.80,ON
404787,0.049700,32.0,0.000527,0.003843,0.000729,0.007565,0.000400,9.355,-1.836,25.14,17.80,ON
406787,0.049136,32.0,0.000517,0.003654,0.000105,0.007052,0.000237,9.567,-1.624,25.14,17.60,ON
408820,0.048488,31.0,0.001689,0.002127,0.001553,0.002304,0.001908,9.372,-1.819,25.16,17.60,ON
411188,0.052051,32.0,0.000879,0.001424,0.000380,0.003848,0.000886,9.338,-1.853,25.18,17.40,ON
413188,0.052449,31.0,0.000358,0.000214,0.003539,0.004565,0.002634,9.353,-1.838,25.20,17.20,OFF
415222,0.001323,3.0,0.000208,0.000025,0.000076,0.000200,0.000034,9.353,-1.838,25.20,17.40,OFF
417590,0.001431,11.0,0.000231,0.000258,0.000235,0.000102,0.000013,9.407,-1.784,25.20,17.20,ON
419590,0.052882,32.0,0.000751,0.004668,0.000721,0.007202,0.000448,9.345,-1.847,25.20,16.80,ON
421620,0.051010,32.0,0.000589,0.003145,0.000948,0.005413,0.001644,9.360,-1.831,25.18,16.80,ON
423988,0.052555,33.0,0.000748,0.003761,0.002106,0.008879,0.000767,9.326,-1.866,25.16,16.60,ON
425988,0.051903,33.0,0.000659,0.003967,0.001496,0.008525,0.001419,9.303,-1.888,25.14,16.20,ON
428020,0.054390,33.0,0.000777,0.004464,0.000215,0.009184,0.000904,9.503,-1.688,25.14,16.60,OFF
430390,0.001212,8.0,0.000091,0.000238,0.000090,0.000186,0.000012,9.483,-1.709,25.14,16.60,OFF
432390,0.001600,3.0,0.000415,0.000094,0.000392,0.000089,0.000056,9.697,-1.495,25.16,16.40,OFF
434421,0.056258,33.0,0.000294,0.002452,0.002613,0.006416,0.004727,9.390,-1.802,25.18,16.80,ON
436788,0.053535,33.0,0.002353,0.001707,0.000755,0.005932,0.004306,9.331,-1.860,25.18,17.00,ON
438788,0.053803,34.0,0.003741,0.002058,0.004319,0.004195,0.006742,9.345,-1.847,25.16,16.80,ON
440821,0.055806,34.0,0.002862,0.003393,0.003325,0.005570,0.005469,9.438,-1.753,25.16,17.20,ON
443188,0.055066,33.0,0.002617,0.000361,0.001915,0.006437,0.003924,9.647,-1.545,25.16,17.40,OFF
445188,0.001393,6.0,0.000089,0.000128,0.000159,0.000031,0.000007,9.790,-1.402,25.16,17.20,OFF
447222,0.001421,3.0,0.000374,0.000080,0.000283,0.000088,0.000023,9.781,-1.410,25.18,17.20,OFF
449589,0.055432,34.0,0.002724,0.001690,0.002734,0.003622,0.007673,9.631,-1.560,25.18,17.00,ON
451589,0.052821,34.0,0.001754,0.003960,0.001894,0.003583,0.006676,9.529,-1.662,25.16,16.60,ON
453621,0.053366,33.0,0.000823,0.003103,0.000605,0.005578,0.003267,9.598,-1.593,25.16,16.80,ON
455988,0.053551,33.0,0.001218,0.002711,0.002006,0.007084,0.000357,9.497,-1.695,25.14,16.80,ON
457988,0.052630,33.0,0.001465,0.001842,0.002378,0.007598,0.001068,9.543,-1.648,25.12,16.80,ON
460022,0.001899,4.0,0.000461,0.000091,0.000289,0.000061,0.000008,9.624,-1.567,25.12,17.00,OFF
462390,0.001092,6.0,0.000063,0.000240,0.000135,0.000128,0.000012,9.495,-1.697,25.12,16.80,OFF
464390,0.001828,5.0,0.000233,0.000596,0.000034,0.000048,0.000014,9.391,-1.800,25.10,16.20,ON
466420,0.053877,33.0,0.001000,0.003307,0.001718,0.008620,0.000538,9.388,-1.803,25.10,16.40,ON
468788,0.050572,33.0,0.001266,0.001663,0.001553,0.007063,0.000227,9.493,-1.698,25.10,16.40,ON
470788,0.051102,32.0,0.000773,0.001633,0.001641,0.004066,0.001803,9.447,-1.745,25.10,16.40,ON
472821,0.052805,32.0,0.000976,0.003260,0.000962,0.008877,0.001124,9.459,-1.733,25.10,17.00,ON
475189,0.001826,2.0,0.000521,0.000195,0.000055,0.000091,0.000022,9.402,-1.790,25.10,17.40,OFF
477189,0.001254,9.0,0.000280,0.000234,0.000300,0.000078,0.000011,9.334,-1.857,25.10,17.20,OFF
479221,0.001311,13.0,0.000158,0.000101,0.000157,0.000064,0.000022,9.417,-1.774,25.10,17.40,ON
481588,0.052522,32.0,0.000671,0.004231,0.001241,0.008403,0.000391,9.562,-1.629,25.10,17.80,ON
483588,0.049947,33.0,0.000384,0.001120,0.000801,0.006241,0.001084,9.683,-1.509,25.10,18.00,ON
485620,0.053044,33.0,0.000828,0.002817,0.001435,0.008897,0.000953,9.612,-1.579,25.08,18.40,ON
487988,0.051616,32.0,0.001679,0.003712,0.001283,0.004879,0.001584,9.686,-1.505,25.08,18.60,ON
489988,0.051752,31.0,0.000904,0.003743,0.001805,0.004104,0.002599,9.645,-1.547,25.08,18.60,OFF
492022,0.001249,3.0,0.000218,0.000285,0.000142,0.000046,0.000035,9.771,-1.421,25.08,18.60,OFF
494388,0.003261,2.0,0.001512,0.000047,0.000015,0.000099,0.000024,9.726,-1.466,25.06,18.40,ON
496388,0.055552,34.0,0.002785,0.004350,0.003169,0.003806,0.004867,9.469,-1.722,25.06,18.20,ON
498420,0.051745,33.0,0.000545,0.002587,0.001286,0.008365,0.000364,9.416,-1.776,25.06,18.60,ON
500788,0.052048,32.0,0.000993,0.004193,0.000847,0.006620,0.001344,9.350,-1.841,25.06,18.80,ON
502788,0.051876,32.0,0.000575,0.004038,0.000851,0.006222,0.001520,9.483,-1.709,25.06,18.80,ON
504821,0.052991,32.0,0.001300,0.003525,0.000980,0.002307,0.002044,9.691,-1.500,25.08,18.80,OFF
507189,0.001379,3.0,0.000294,0.000190,0.000120,0.000052,0.000009,9.567,-1.624,25.12,18.60,OFF
509189,0.001058,10.0,0.000148,0.000111,0.000269,0.000066,0.000032,9.483,-1.709,25.14,18.00,OFF
511220,0.052732,33.0,0.000023,0.004014,0.002863,0.005013,0.003484,9.579,-1.612,25.14,18.00,ON
513588,0.053110,32.0,0.001228,0.003832,0.000709,0.008304,0.001339,9.416,-1.776,25.12,17.80,ON
515588,0.051686,32.0,0.000403,0.003141,0.001191,0.006923,0.001577,9.493,-1.698,25.10,17.80,ON
517621,0.056554,32.0,0.000554,0.006097,0.000671,0.005883,0.002024,9.434,-1.757,25.08,18.40,ON
519988,0.053088,32.0,0.000729,0.005152,0.001193,0.006702,0.001585,9.507,-1.684,25.06,18.60,OFF
521988,0.002588,4.0,0.000503,0.000754,0.000136,0.000120,0.000012,9.433,-1.759,25.06,18.40,OFF
524021,0.002098,3.0,0.000639,0.000573,0.000177,0.000025,0.000014,9.324,-1.867,25.08,18.60,OFF
526388,0.053806,32.0,0.000801,0.004143,0.000307,0.009261,0.000887,9.336,-1.855,25.08,18.60,ON
528388,0.053900,32.0,0.001143,0.003079,0.001231,0.005154,0.001745,9.331,-1.860,25.06,18.20,ON
530420,0.051903,32.0,0.000932,0.002729,0.000143,0.003675,0.001624,9.345,-1.847,25.06,18.60,ON
532789,0.054372,31.0,0.001452,0.002903,0.000734,0.003654,0.001020,9.350,-1.841,25.06,18.60,ON
534789,0.055789,31.0,0.002431,0.004141,0.001748,0.006732,0.002724,9.314,-1.878,25.06,18.40,ON
536822,0.002172,20.0,0.000165,0.000171,0.000110,0.000516,0.000009,9.329,-1.862,25.06,18.60,OFF
539190,0.001941,21.0,0.000275,0.000063,0.000241,0.000383,0.000009,9.321,-1.871,25.08,18.60,OFF
541190,0.001481,2.0,0.000356,0.000146,0.000093,0.000054,0.000043,9.298,-1.893,25.08,18.20,ON
543220,0.053089,32.0,0.001344,0.003487,0.000873,0.007719,0.001146,9.316,-1.876,25.08,18.40,ON
545588,0.054439,32.0,0.001342,0.005403,0.001652,0.006935,0.001283,9.407,-1.784,25.08,18.60,ON
547588,0.053790,32.0,0.000985,0.004442,0.002611,0.006297,0.001451,9.334,-1.857,25.10,18.60,ON
549621,0.052529,31.0,0.001949,0.003564,0.000966,0.004873,0.001635,9.303,-1.888,25.10,18.80,ON
551990,0.002413,4.0,0.000343,0.000650,0.000215,0.000153,0.000039,9.447,-1.745,25.10,19.00,OFF
553990,0.001524,15.0,0.000238,0.000047,0.000094,0.000220,0.000055,9.381,-1.810,25.10,19.00,OFF
556022,0.001495,10.0,0.000065,0.000168,0.000440,0.000184,0.000033,9.366,-1.826,25.10,19.00,ON
558388,0.054067,31.0,0.001195,0.003608,0.001449,0.005217,0.001043,9.471,-1.721,25.10,19.00,ON
560388,0.054605,31.0,0.001159,0.004252,0.002002,0.001200,0.002361,9.505,-1.686,25.10,19.00,ON
562421,0.056009,31.0,0.001803,0.005300,0.001414,0.002923,0.002106,9.626,-1.566,25.10,19.20,ON
564788,0.054426,31.0,0.000610,0.005259,0.001361,0.003476,0.001087,9.726,-1.466,25.10,19.00,ON
566788,0.055308,31.0,0.000705,0.004864,0.001140,0.001787,0.003119,9.755,-1.436,25.10,18.80,OFF
568822,0.001172,13.0,0.000201,0.000044,0.000096,0.000071,0.000020,9.728,-1.464,25.10,18.80,OFF
571189,0.001486,3.0,0.000361,0.000234,0.000076,0.000063,0.000012,9.557,-1.634,25.10,18.80,ON
573189,0.053030,32.0,0.002154,0.002548,0.001861,0.007295,0.001730,9.469,-1.722,25.10,18.60,ON
575221,0.053471,31.0,0.001961,0.003515,0.001130,0.004707,0.002025,9.333,-1.859,25.10,19.00,ON
577588,0.051734,31.0,0.000553,0.000881,0.001074,0.003734,0.001321,9.379,-1.812,25.10,19.00,ON
579588,0.056433,31.0,0.002218,0.003775,0.001742,0.000797,0.003479,9.381,-1.810,25.10,18.80,ON
581621,0.055191,31.0,0.001076,0.004911,0.000875,0.002098,0.002292,9.381,-1.810,25.10,19.00,OFF
583989,0.001344,11.0,0.000057,0.000149,0.000305,0.000071,0.000006,9.540,-1.652,25.12,18.60,OFF
585989,0.001475,9.0,0.000134,0.000125,0.000463,0.000031,0.000025,9.459,-1.733,25.14,18.00,OFF
588020,0.053331,32.0,0.001151,0.002105,0.001695,0.007608,0.001191,9.734,-1.457,25.16,18.20,ON
590387,0.052692,32.0,0.000486,0.004282,0.000745,0.008507,0.000989,9.555,-1.636,25.16,18.00,ON
592387,0.055641,31.0,0.001726,0.002845,0.002793,0.002631,0.002220,9.517,-1.674,25.16,17.40,ON
594421,0.057286,31.0,0.000657,0.002233,0.003561,0.005674,0.002199,9.400,-1.791,25.14,18.00,ON
596789,0.056613,31.0,0.001649,0.003558,0.001394,0.003722,0.000792,9.366,-1.826,25.14,18.20,OFF
598789,0.001926,2.0,0.000553,0.000281,0.000134,0.000086,0.000002,9.657,-1.534,25.14,18.00,OFF
600822,0.001099,15.0,0.000232,0.000227,0.000156,0.000062,0.000010,9.653,-1.538,25.16,18.00,OFF
603189,0.054345,31.0,0.001374,0.003778,0.000567,0.005194,0.001518,9.390,-1.802,25.16,18.00,ON
605189,0.055142,31.0,0.000906,0.003154,0.001735,0.001567,0.002651,9.434,-1.757,25.16,17.40,ON
607221,0.054322,31.0,0.000725,0.003749,0.002628,0.004467,0.002240,9.388,-1.803,25.16,17.60,ON
609588,0.053062,32.0,0.001507,0.000424,0.001252,0.006123,0.001352,9.395,-1.797,25.14,17.80,ON
611588,0.055163,31.0,0.000761,0.005839,0.001227,0.000230,0.003193,9.574,-1.617,25.12,18.20,ON
613620,0.007453,4.0,0.000938,0.002596,0.000037,0.000203,0.000050,8.910,-2.281,25.14,18.80,OFF
615989,0.003749,3.0,0.000734,0.000580,0.000504,0.000063,0.000020,8.717,-2.474,25.14,18.80,OFF
617989,0.001256,7.0,0.000140,0.000172,0.000193,0.000071,0.000024,8.691,-2.500,25.12,18.40,ON
620019,0.048680,32.0,0.000919,0.004435,0.001904,0.003898,0.001961,8.729,-2.462,25.12,18.20,ON
622388,0.053149,31.0,0.001237,0.001970,0.000307,0.002057,0.002811,8.712,-2.479,25.12,17.80,ON
624388,0.050628,31.0,0.002118,0.003042,0.001313,0.006924,0.002570,8.712,-2.479,25.10,17.20,ON
626420,0.050448,31.0,0.001187,0.002452,0.002490,0.006051,0.001830,8.726,-2.466,25.12,17.40,ON
628789,0.001264,10.0,0.000171,0.000198,0.000270,0.000136,0.000038,8.795,-2.397,25.12,17.40,OFF
630789,0.001107,3.0,0.000136,0.000206,0.000086,0.000039,0.000016,8.781,-2.410,25.12,17.20,OFF
632820,0.001090,6.0,0.000136,0.000184,0.000197,0.000012,0.000003,8.790,-2.402,25.12,17.20,ON
635187,0.046163,32.0,0.001237,0.002018,0.001285,0.005682,0.000787,8.784,-2.407,25.14,17.40,ON
637187,0.052804,31.0,0.000718,0.001850,0.002725,0.005188,0.002586,8.788,-2.403,25.14,17.40,ON
639220,0.049963,32.0,0.001568,0.002212,0.001317,0.004217,0.002108,8.724,-2.467,25.14,17.80,ON
641588,0.054833,31.0,0.001019,0.000974,0.000591,0.000597,0.002278,8.759,-2.433,25.16,17.60,ON
643588,0.050975,32.0,0.000479,0.001328,0.001349,0.002144,0.002699,8.914,-2.278,25.18,17.40,OFF
645620,0.001361,9.0,0.000170,0.000124,0.000325,0.000138,0.000013,8.788,-2.403,25.16,17.60,OFF
647988,0.001775,5.0,0.000307,0.000648,0.000238,0.000050,0.000028,8.714,-2.478,25.16,17.40,ON
649988,0.047776,32.0,0.000989,0.002597,0.001149,0.003088,0.000787,8.767,-2.424,25.18,17.00,ON
652021,0.047977,31.0,0.002025,0.002356,0.002242,0.004345,0.001762,8.821,-2.371,25.16,17.60,ON
654388,0.046714,31.0,0.000513,0.000824,0.000418,0.002712,0.002356,8.721,-2.471,25.16,18.00,ON
656388,0.058682,32.0,0.001846,0.003117,0.002787,0.006457,0.002061,8.726,-2.466,25.18,17.80,ON
658420,0.050171,32.0,0.000939,0.001507,0.002826,0.004392,0.002170,8.734,-2.457,25.18,18.00,OFF
660789,0.001432,4.0,0.000152,0.000289,0.000180,0.000057,0.000030,8.755,-2.436,25.18,17.60,OFF
662789,0.001432,6.0,0.000247,0.000114,0.000240,0.000041,0.000010,8.931,-2.260,25.20,16.80,OFF
664819,0.046949,32.0,0.001371,0.003701,0.001290,0.004731,0.000847,8.816,-2.376,25.20,16.60,ON
667188,0.046349,32.0,0.001095,0.003344,0.001003,0.004094,0.001385,8.714,-2.478,25.18,16.40,ON
669188,0.048505,31.0,0.000812,0.001880,0.001289,0.006622,0.003150,8.812,-2.379,25.16,16.20,ON
671220,0.052261,31.0,0.000787,0.002784,0.002696,0.007392,0.001745,8.731,-2.460,25.16,16.60,ON
673588,0.048362,31.0,0.000814,0.002161,0.000952,0.002716,0.001144,8.941,-2.250,25.16,17.20,OFF
675588,0.001577,5.0,0.000105,0.000346,0.000165,0.000102,0.000030,8.981,-2.210,25.16,17.40,OFF
677620,0.001169,2.0,0.000281,0.000180,0.000223,0.000093,0.000015,9.109,-2.083,25.18,17.40,OFF
679987,0.048094,33.0,0.000881,0.003119,0.000304,0.007726,0.001377,8.753,-2.438,25.18,17.40,ON
681987,0.047421,33.0,0.000119,0.004278,0.000328,0.008057,0.000583,8.974,-2.217,25.16,17.40,ON
684019,0.046851,33.0,0.000506,0.003557,0.000595,0.007362,0.000314,8.979,-2.212,25.16,17.40,ON
686388,0.047225,32.0,0.002244,0.004578,0.000231,0.004216,0.001561,8.731,-2.460,25.16,17.20,ON
688388,0.049106,31.0,0.001592,0.003512,0.002789,0.005327,0.002837,8.807,-2.384,25.16,17.20,ON
690422,0.002385,3.0,0.000203,0.000250,0.000409,0.000037,0.000034,8.891,-2.300,25.20,17.40,OFF
692790,0.002457,7.0,0.000048,0.000263,0.000371,0.000329,0.000024,9.022,-2.169,25.22,17.40,OFF
694790,0.003007,6.0,0.000181,0.000502,0.000151,0.000416,0.000032,8.798,-2.393,25.22,17.20,ON
696819,0.045545,32.0,0.000637,0.001153,0.000392,0.004653,0.001054,8.802,-2.390,25.24,17.20,ON
699188,0.047824,32.0,0.000453,0.003693,0.000959,0.003733,0.001449,8.747,-2.445,25.24,17.20,ON
701188,0.052777,31.0,0.002651,0.004248,0.003407,0.002710,0.002690,8.821,-2.371,25.22,17.00,ON
703220,0.048314,31.0,0.001260,0.004405,0.001529,0.004958,0.001935,8.719,-2.472,25.22,17.20,ON
705589,0.001719,5.0,0.000249,0.000463,0.000182,0.000206,0.000031,8.736,-2.455,25.22,17.20,OFF
707589,0.001374,5.0,0.000135,0.000379,0.000285,0.000062,0.000027,9.028,-2.164,25.20,17.20,OFF
709621,0.001590,10.0,0.000172,0.000283,0.000366,0.000143,0.000028,8.738,-2.453,25.22,17.40,ON
711987,0.046988,33.0,0.000400,0.003122,0.000479,0.007072,0.000300,8.819,-2.372,25.20,17.60,ON
713987,0.047672,32.0,0.001218,0.002130,0.001340,0.005967,0.000430,8.709,-2.483,25.18,17.60,ON
716019,0.047259,32.0,0.001023,0.002033,0.000979,0.002424,0.001865,8.707,-2.484,25.18,18.00,ON
718388,0.047720,31.0,0.001326,0.002950,0.001946,0.003620,0.001552,8.722,-2.469,25.20,18.00,ON
720388,0.049524,31.0,0.000567,0.003623,0.002514,0.006955,0.002421,8.755,-2.436,25.20,17.80,OFF
722421,0.001257,5.0,0.000224,0.000281,0.000047,0.000014,0.000011,8.740,-2.452,25.22,18.00,OFF
724789,0.001493,2.0,0.000328,0.000236,0.000188,0.000097,0.000018,8.693,-2.498,25.22,17.80,ON
726789,0.045072,33.0,0.001721,0.002456,0.002218,0.005629,0.001956,8.729,-2.462,25.20,17.40,ON
728820,0.047064,33.0,0.001429,0.001143,0.001010,0.006202,0.000793,8.712,-2.479,25.16,17.60,ON
731188,0.048527,32.0,0.000697,0.004021,0.001369,0.005940,0.001251,8.702,-2.490,25.14,17.60,ON
733188,0.047064,31.0,0.001164,0.002934,0.002309,0.001884,0.002585,8.691,-2.500,25.14,17.20,ON
735219,0.046009,32.0,0.001284,0.001477,0.000229,0.003773,0.001980,8.698,-2.493,25.14,17.40,OFF
737589,0.001742,10.0,0.000369,0.000140,0.000514,0.000084,0.000031,8.702,-2.490,25.16,17.60,OFF
739589,0.001106,5.0,0.000145,0.000278,0.000083,0.000087,0.000028,8.721,-2.471,25.18,17.60,OFF
741620,0.045312,33.0,0.000714,0.002893,0.000269,0.006032,0.002569,8.772,-2.419,25.18,17.80,ON
743987,0.045931,33.0,0.000512,0.003113,0.000423,0.006664,0.000278,8.714,-2.478,25.18,17.80,ON
745987,0.047276,32.0,0.001050,0.002805,0.001807,0.001103,0.001318,8.719,-2.472,25.20,17.60,ON
748020,0.047998,32.0,0.001687,0.002715,0.002348,0.004887,0.001911,8.722,-2.469,25.22,17.80,ON
750388,0.046880,31.0,0.000647,0.003066,0.000767,0.003288,0.001476,8.721,-2.471,25.22,17.60,OFF
752388,0.001429,5.0,0.000368,0.000389,0.000194,0.000141,0.000010,8.716,-2.476,25.22,17.40,OFF
754420,0.001310,3.0,0.000303,0.000104,0.000061,0.000078,0.000028,8.729,-2.462,25.24,17.40,OFF
756788,0.046061,33.0,0.000313,0.001920,0.000514,0.005383,0.002849,8.728,-2.464,25.24,17.40,ON
758788,0.046973,34.0,0.001544,0.002231,0.001335,0.001086,0.005087,8.809,-2.383,25.22,17.00,ON
760819,0.048911,33.0,0.002227,0.003298,0.001114,0.008821,0.001072,8.724,-2.467,25.22,17.20,ON
763188,0.046437,33.0,0.000631,0.001998,0.000828,0.006783,0.000230,8.747,-2.445,25.22,17.20,ON
765188,0.048208,32.0,0.001282,0.001702,0.002048,0.006264,0.000444,8.690,-2.502,25.20,17.20,ON
767221,0.001727,7.0,0.000114,0.000214,0.000199,0.000091,0.000015,8.736,-2.455,25.20,17.20,OFF
769589,0.001065,6.0,0.000121,0.000041,0.000132,0.000046,0.000051,8.679,-2.512,25.20,17.00,OFF
771589,0.001617,5.0,0.000078,0.000546,0.000084,0.000078,0.000034,8.716,-2.476,25.20,16.60,ON
773620,0.048830,33.0,0.001215,0.004079,0.001206,0.007805,0.001365,8.747,-2.445,25.20,16.80,ON
775987,0.046147,33.0,0.000873,0.003531,0.000986,0.007104,0.000377,8.736,-2.455,25.20,16.60,ON
777987,0.047622,33.0,0.000547,0.001927,0.000548,0.004805,0.000326,8.710,-2.481,25.20,16.40,ON
780019,0.046792,32.0,0.000748,0.003189,0.000266,0.006895,0.000704,8.724,-2.467,25.20,16.80,ON
782389,0.001738,7.0,0.000437,0.000189,0.000290,0.000104,0.000025,8.733,-2.459,25.20,16.60,OFF
784389,0.001250,14.0,0.000188,0.000156,0.000084,0.000154,0.000025,8.807,-2.384,25.20,16.00,OFF
786421,0.001129,4.0,0.000165,0.000249,0.000210,0.000098,0.000016,8.740,-2.452,25.22,16.00,ON
788787,0.048023,33.0,0.001140,0.004235,0.000225,0.008506,0.000400,8.700,-2.491,25.24,16.00,ON
790787,0.047994,33.0,0.001099,0.004064,0.001534,0.007903,0.000257,8.697,-2.495,25.26,15.60,ON
792820,0.045311,33.0,0.000414,0.002812,0.000510,0.007476,0.000589,8.790,-2.402,25.26,16.00,ON
795188,0.046747,33.0,0.000917,0.002470,0.000591,0.006558,0.000359,8.819,-2.372,25.26,16.40,ON
797188,0.047932,32.0,0.001231,0.002007,0.000812,0.003330,0.001257,8.709,-2.483,25.24,16.60,OFF
799221,0.001280,10.0,0.000255,0.000105,0.000290,0.000113,0.000023,8.766,-2.426,25.22,17.00,OFF
801590,0.001235,2.0,0.000280,0.000135,0.000147,0.000109,0.000016,8.917,-2.274,25.22,17.20,ON
803590,0.044137,34.0,0.001306,0.001483,0.000304,0.000193,0.004312,8.819,-2.372,25.24,17.20,ON
805619,0.047398,33.0,0.002484,0.001393,0.000090,0.006139,0.002928,8.798,-2.393,25.24,17.20,ON
807988,0.045928,33.0,0.002370,0.001922,0.003490,0.007518,0.000745,8.736,-2.455,25.24,17.40,ON
809988,0.044844,33.0,0.001422,0.001709,0.001706,0.004775,0.002040,8.733,-2.459,25.24,17.40,ON
812019,0.047622,33.0,0.000496,0.004459,0.001019,0.008619,0.000159,8.752,-2.440,25.22,17.40,OFF
814389,0.000961,7.0,0.000175,0.000107,0.000078,0.000071,0.000016,8.805,-2.386,25.20,17.00,OFF
816389,0.002080,3.0,0.000671,0.000187,0.000170,0.000066,0.000011,9.009,-2.183,25.20,16.60,OFF
818420,0.045874,34.0,0.001142,0.001171,0.001922,0.002734,0.005448,8.740,-2.452,25.20,16.60,ON
820788,0.047302,33.0,0.000917,0.001560,0.002089,0.005167,0.002954,8.733,-2.459,25.22,16.40,ON
822788,0.044996,33.0,0.001027,0.001064,0.001159,0.004348,0.001826,8.714,-2.478,25.24,16.40,ON
824819,0.047623,33.0,0.001193,0.003671,0.001765,0.008532,0.000198,8.741,-2.450,25.24,16.60,ON
827188,0.046897,33.0,0.001539,0.003199,0.001064,0.007459,0.000218,8.700,-2.491,25.22,16.80,OFF
829188,0.001609,5.0,0.000194,0.000396,0.000071,0.000064,0.000021,8.731,-2.460,25.20,16.40,OFF
831220,0.001135,3.0,0.000272,0.000215,0.000185,0.000069,0.000018,8.731,-2.460,25.18,16.40,OFF
833589,0.045811,34.0,0.003336,0.001255,0.003160,0.002455,0.005854,8.690,-2.502,25.16,16.20,ON
835589,0.045732,34.0,0.001742,0.001940,0.003217,0.002860,0.008282,8.702,-2.490,25.16,16.20,ON
837620,0.045660,33.0,0.001573,0.001276,0.001905,0.003177,0.003012,8.729,-2.462,25.18,16.40,ON
839988,0.047722,33.0,0.002399,0.001376,0.001607,0.004786,0.003454,8.710,-2.481,25.20,16.60,ON
841988,0.047037,33.0,0.001252,0.002811,0.001924,0.007122,0.000780,8.710,-2.481,25.20,16.60,ON
844021,0.001776,7.0,0.000336,0.000247,0.000305,0.000093,0.000031,8.743,-2.448,25.20,17.00,OFF
846389,0.001300,3.0,0.000282,0.000075,0.000317,0.000046,0.000013,8.733,-2.459,25.18,17.00,OFF
848389,0.001259,3.0,0.000253,0.000288,0.000154,0.000109,0.000004,8.710,-2.481,25.16,16.80,ON
850421,0.046174,34.0,0.001649,0.001262,0.002664,0.002590,0.008070,8.722,-2.469,25.18,16.80,ON
852788,0.047041,33.0,0.000669,0.002269,0.001292,0.002409,0.003373,8.731,-2.460,25.16,16.60,ON
854788,0.047512,34.0,0.001048,0.003674,0.000978,0.004229,0.003241,8.721,-2.471,25.14,16.20,ON
856820,0.047755,33.0,0.001575,0.003270,0.000168,0.006665,0.002336,8.793,-2.398,25.16,16.60,ON
859189,0.001430,12.0,0.000099,0.000120,0.000109,0.000044,0.000025,8.850,-2.341,25.18,16.60,OFF
861189,0.001031,14.0,0.000106,0.000117,0.000133,0.000086,0.000003,8.948,-2.243,25.16,16.40,OFF
863221,0.001304,7.0,0.000084,0.000204,0.000204,0.000250,0.000016,8.834,-2.357,25.18,16.60,ON
865588,0.047835,34.0,0.001155,0.001623,0.002423,0.001458,0.002204,8.722,-2.469,25.20,17.00,ON
867588,0.047468,33.0,0.003132,0.002281,0.001682,0.006581,0.001651,8.729,-2.462,25.20,17.00,ON
869620,0.048993,33.0,0.001952,0.001579,0.002170,0.007152,0.001882,8.767,-2.424,25.22,17.40,ON
871988,0.046281,33.0,0.001145,0.002456,0.001599,0.006543,0.000905,8.710,-2.481,25.20,17.60,ON
873988,0.045939,33.0,0.000917,0.003080,0.000934,0.007735,0.000603,8.731,-2.460,25.18,17.60,OFF
876021,0.001211,9.0,0.000100,0.000197,0.000152,0.000009,0.000016,8.778,-2.414,25.18,17.40,OFF
878389,0.001292,7.0,0.000161,0.000140,0.000120,0.000099,0.000006,8.757,-2.434,25.18,17.00,ON
880389,0.044972,34.0,0.002488,0.002428,0.002972,0.004919,0.010107,8.752,-2.440,25.16,16.60,ON
882421,0.045989,34.0,0.002219,0.001782,0.002939,0.001671,0.004130,8.919,-2.272,25.18,17.00,ON
884788,0.047992,33.0,0.001121,0.001169,0.001243,0.004902,0.003659,8.736,-2.455,25.20,17.20,ON
886788,0.046633,33.0,0.001937,0.003197,0.001687,0.007346,0.001262,8.709,-2.483,25.20,17.40,ON
888820,0.046396,33.0,0.002220,0.000825,0.001941,0.004841,0.003231,8.700,-2.491,25.20,18.00,OFF
891189,0.003638,2.0,0.001895,0.000237,0.000132,0.000095,0.000026,8.931,-2.260,25.20,18.00,OFF
893189,0.001275,10.0,0.000120,0.000068,0.000328,0.000037,0.000024,8.866,-2.326,25.20,17.40,OFF
895221,0.045141,34.0,0.003512,0.000495,0.004214,0.003499,0.006422,8.857,-2.334,25.18,17.40,ON
897588,0.045517,33.0,0.000712,0.001682,0.000796,0.004005,0.003044,8.740,-2.452,25.16,17.20,ON
899588,0.045966,33.0,0.001437,0.003678,0.001926,0.007282,0.001349,8.734,-2.457,25.14,16.80,ON
901619,0.047256,33.0,0.000825,0.003402,0.001638,0.008333,0.000782,8.745,-2.447,25.12,17.20,ON
903988,0.046687,33.0,0.001185,0.003021,0.001249,0.007441,0.000119,8.712,-2.479,25.12,17.40,OFF
905988,0.001764,19.0,0.000270,0.000261,0.000125,0.000151,0.000073,8.729,-2.462,25.14,17.20,OFF
908021,0.001298,3.0,0.000275,0.000210,0.000250,0.000134,0.000018,8.703,-2.488,25.14,17.20,OFF
910389,0.045332,34.0,0.001831,0.001068,0.002232,0.002358,0.002229,8.712,-2.479,25.16,17.20,ON
912389,0.048395,34.0,0.002113,0.003343,0.001715,0.001184,0.009612,8.705,-2.486,25.18,17.00,ON
914420,0.046808,34.0,0.002238,0.001755,0.000704,0.003467,0.005337,8.712,-2.479,25.16,17.20,ON
916788,0.046844,33.0,0.001030,0.003318,0.000748,0.007621,0.003472,8.700,-2.491,25.14,17.40,ON
918788,0.047273,33.0,0.001421,0.004513,0.001398,0.007503,0.002398,8.714,-2.478,25.14,17.60,ON
920821,0.002476,9.0,0.000318,0.000278,0.000466,0.000084,0.000055,8.710,-2.481,25.12,18.00,OFF
923190,0.001317,10.0,0.000122,0.000219,0.000343,0.000179,0.000034,8.800,-2.391,25.12,18.00,OFF
925190,0.001369,3.0,0.000246,0.000138,0.000094,0.000070,0.000032,8.733,-2.459,25.14,17.80,ON
927220,0.048303,34.0,0.001954,0.000518,0.000485,0.002068,0.004065,8.729,-2.462,25.16,17.80,ON
929588,0.044731,33.0,0.001812,0.002195,0.000897,0.005173,0.003482,8.722,-2.469,25.16,17.60,ON
931588,0.046499,33.0,0.002134,0.003380,0.001962,0.006805,0.001839,8.740,-2.452,25.16,17.20,ON
933620,0.045054,33.0,0.001217,0.001400,0.001489,0.002537,0.003824,8.728,-2.464,25.14,17.60,ON
935989,0.001742,11.0,0.000205,0.000219,0.000252,0.000029,0.000008,9.000,-2.191,25.14,17.60,OFF
937989,0.001093,10.0,0.000134,0.000232,0.000319,0.000118,0.000016,8.822,-2.369,25.14,17.40,OFF
940021,0.001284,4.0,0.000131,0.000259,0.000101,0.000128,0.000026,8.753,-2.438,25.16,17.60,ON
942388,0.046264,33.0,0.001440,0.000653,0.002671,0.004207,0.002895,8.824,-2.367,25.16,17.60,ON
944388,0.045571,34.0,0.000983,0.002759,0.001872,0.001935,0.004783,8.747,-2.445,25.16,17.20,ON
946420,0.044117,33.0,0.001183,0.000356,0.000814,0.003564,0.003743,8.731,-2.460,25.14,17.60,ON
948787,0.045854,33.0,0.000642,0.003165,0.001453,0.007063,0.000965,8.733,-2.459,25.14,17.60,ON
950787,0.046411,33.0,0.001322,0.003014,0.001958,0.006950,0.000338,8.893,-2.298,25.14,17.40,OFF
952821,0.001309,12.0,0.000124,0.000249,0.000163,0.000029,0.000016,9.071,-2.121,25.16,17.40,OFF
955189,0.001414,16.0,0.000041,0.000064,0.000288,0.000161,0.000022,8.826,-2.366,25.16,17.40,ON
957189,0.047406,33.0,0.004042,0.000812,0.006530,0.005703,0.010765,8.816,-2.376,25.16,17.00,ON
959220,0.047675,34.0,0.003303,0.002039,0.001592,0.004146,0.007289,8.853,-2.338,25.16,17.20,ON
961588,0.044317,34.0,0.001392,0.000453,0.002287,0.002574,0.002723,9.031,-2.160,25.14,17.20,ON
963588,0.044692,33.0,0.000233,0.001868,0.001624,0.004432,0.002484,8.905,-2.286,25.12,17.20,ON
965619,0.044729,33.0,0.000661,0.001771,0.001199,0.006366,0.001539,8.798,-2.393,25.14,17.40,OFF
967989,0.001235,5.0,0.000045,0.000316,0.000171,0.000129,0.000018,8.724,-2.467,25.14,17.20,OFF
969989,0.001887,10.0,0.000110,0.000265,0.000484,0.000031,0.000023,8.705,-2.486,25.12,16.80,OFF
972020,0.049237,34.0,0.001613,0.000849,0.004159,0.004574,0.006100,8.710,-2.481,25.12,16.80,ON
974388,0.047152,34.0,0.002270,0.000773,0.001670,0.003037,0.002481,8.702,-2.490,25.12,17.00,ON
976388,0.050031,34.0,0.002163,0.003721,0.002435,0.002051,0.003765,8.679,-2.512,25.10,17.00,ON
978419,0.037686,33.0,0.000930,0.001091,0.000380,0.005739,0.001033,8.066,-3.126,25.10,17.40,ON
980788,0.041352,32.0,0.001738,0.003410,0.000747,0.003528,0.001042,8.041,-3.150,25.10,17.60,OFF
982788,0.003217,5.0,0.000489,0.000998,0.000286,0.000191,0.000038,7.857,-3.334,25.10,17.60,OFF
984819,0.002807,4.0,0.000141,0.000962,0.000451,0.000137,0.000012,7.764,-3.428,25.12,17.20,OFF
987188,0.045688,33.0,0.000543,0.001120,0.002505,0.005340,0.001711,7.824,-3.367,25.14,16.80,ON
989188,0.042195,33.0,0.001197,0.001589,0.001544,0.007092,0.001033,8.514,-2.678,25.16,16.40,ON
991219,0.045256,33.0,0.000116,0.001943,0.000482,0.005973,0.000401,8.533,-2.659,25.18,16.60,ON
993588,0.046446,32.0,0.000466,0.002036,0.001676,0.005816,0.000951,8.479,-2.712,25.20,16.80,ON
995588,0.045353,32.0,0.001893,0.003934,0.000991,0.000782,0.000543,8.053,-3.138,25.20,17.20,ON
997620,0.001867,1.0,0.000417,0.000113,0.000223,0.000074,0.000009,8.169,-3.022,25.22,17.60,OFF
999989,0.001202,3.0,0.000244,0.000233,0.000208,0.000092,0.000015,8.164,-3.028,25.22,17.60,OFF
1001989,0.001099,12.0,0.000109,0.000139,0.000075,0.000077,0.000022,8.167,-3.024,25.22,17.20,ON
1004019,0.042365,33.0,0.000603,0.001183,0.001627,0.006438,0.001590,8.152,-3.040,25.20,17.00,ON
1006388,0.042408,33.0,0.000887,0.001152,0.001302,0.005420,0.000554,8.167,-3.024,25.20,16.60,ON
1008388,0.041998,33.0,0.001351,0.002124,0.000511,0.003191,0.000591,8.197,-2.995,25.18,16.20,ON
1010419,0.043683,32.0,0.001673,0.001943,0.001862,0.004506,0.001118,8.155,-3.036,25.18,16.60,ON
1012789,0.001678,2.0,0.000465,0.000263,0.000067,0.000164,0.000030,8.150,-3.041,25.18,16.80,OFF
1014789,0.001190,11.0,0.000090,0.000196,0.000265,0.000096,0.000016,8.160,-3.031,25.20,16.80,OFF
1016820,0.001429,4.0,0.000132,0.000318,0.000279,0.000054,0.000017,8.152,-3.040,25.20,17.00,ON
1019187,0.041452,33.0,0.000217,0.000261,0.001103,0.005038,0.000518,8.138,-3.053,25.20,17.40,ON
1021187,0.043826,33.0,0.000989,0.002487,0.002724,0.004884,0.000282,8.119,-3.072,25.20,17.40,ON
1023219,0.043059,33.0,0.000275,0.001356,0.001025,0.005170,0.000666,8.150,-3.041,25.20,17.60,ON
1025588,0.043719,33.0,0.000732,0.002597,0.001280,0.006415,0.001032,8.133,-3.059,25.20,17.60,ON
1027588,0.043559,32.0,0.000593,0.003353,0.001187,0.003085,0.000659,8.145,-3.047,25.20,17.60,OFF
1029620,0.001838,7.0,0.000288,0.000166,0.000148,0.000062,0.000021,8.183,-3.009,25.20,17.20,OFF
1031990,0.002178,13.0,0.000305,0.000385,0.000257,0.000251,0.000032,8.148,-3.043,25.20,17.00,ON
1033990,0.041588,33.0,0.001497,0.001057,0.002904,0.005717,0.002393,8.076,-3.116,25.20,16.80,ON
1036019,0.041915,33.0,0.001086,0.001181,0.000879,0.005979,0.000704,8.143,-3.048,25.20,16.80,ON
1038388,0.041605,33.0,0.001348,0.002366,0.000590,0.004931,0.000485,8.147,-3.045,25.22,16.60,ON
1040388,0.042552,33.0,0.000884,0.002454,0.001873,0.005386,0.000190,8.129,-3.062,25.24,16.60,ON
1042419,0.042226,32.0,0.000673,0.003482,0.000436,0.004874,0.001143,8.128,-3.064,25.26,16.80,OFF
1044789,0.001847,4.0,0.000282,0.000316,0.000060,0.000064,0.000029,8.124,-3.067,25.26,16.60,OFF
1046789,0.002495,11.0,0.000413,0.000639,0.000707,0.000046,0.000028,8.105,-3.086,25.26,16.40,OFF
1048819,0.044339,33.0,0.002742,0.001146,0.001865,0.005494,0.003594,8.105,-3.086,25.24,16.60,ON
1051187,0.043318,33.0,0.000908,0.002270,0.001056,0.006165,0.000521,8.112,-3.079,25.22,16.60,ON
1053187,0.042532,33.0,0.000639,0.001577,0.002307,0.006069,0.000370,8.129,-3.062,25.20,16.20,ON
1055219,0.041939,33.0,0.000414,0.003315,0.000613,0.004817,0.000544,8.121,-3.071,25.20,16.60,ON
1057588,0.042223,33.0,0.001039,0.003657,0.001211,0.005499,0.000815,8.098,-3.093,25.20,17.00,OFF
1059588,0.001592,17.0,0.000330,0.000211,0.000121,0.000067,0.000010,8.119,-3.072,25.20,17.20,OFF
1061620,0.002604,3.0,0.000689,0.000281,0.000509,0.000115,0.000009,8.116,-3.076,25.20,17.40,OFF
1063988,0.041665,34.0,0.002204,0.001432,0.002842,0.002302,0.000703,8.133,-3.059,25.20,17.40,ON
1065988,0.042958,34.0,0.002709,0.001158,0.002443,0.006686,0.003103,8.112,-3.079,25.20,17.00,ON
1068019,0.041105,33.0,0.000479,0.001069,0.000482,0.006019,0.000802,8.093,-3.098,25.22,17.00,ON
1070388,0.039817,33.0,0.000537,0.002469,0.001700,0.005003,0.000747,8.105,-3.086,25.22,16.80,ON
1072388,0.041199,33.0,0.001141,0.001200,0.000958,0.002563,0.000735,8.100,-3.091,25.22,16.80,ON
1074420,0.001498,4.0,0.000159,0.000254,0.000289,0.000013,0.000014,8.128,-3.064,25.22,17.20,OFF
1076788,0.001814,17.0,0.000054,0.000253,0.000313,0.000170,0.000041,8.100,-3.091,25.24,17.00,OFF
1078788,0.001377,5.0,0.000319,0.000372,0.000129,0.000100,0.000041,8.093,-3.098,25.24,16.40,ON
1080819,0.041655,33.0,0.001586,0.001310,0.002280,0.005760,0.001650,8.109,-3.083,25.24,16.20,ON
1083188,0.040450,33.0,0.000200,0.001987,0.000406,0.005710,0.001699,8.100,-3.091,25.24,16.00,ON
1085188,0.041689,33.0,0.000109,0.001920,0.001105,0.005818,0.000803,8.122,-3.069,25.24,15.60,ON
1087218,0.041675,33.0,0.001023,0.002787,0.002051,0.005526,0.000319,8.117,-3.074,25.24,16.00,ON
1089589,0.001920,3.0,0.000051,0.000452,0.000053,0.000004,0.000016,8.100,-3.091,25.24,16.40,OFF
1091589,0.001676,3.0,0.000359,0.000160,0.000173,0.000163,0.000007,8.126,-3.066,25.26,16.60,OFF
1093620,0.001448,3.0,0.000292,0.000153,0.000233,0.000014,0.000030,8.134,-3.057,25.26,16.80,ON
1095988,0.040088,33.0,0.001237,0.000646,0.001518,0.006518,0.002088,8.109,-3.083,25.26,17.00,ON
1097988,0.041558,33.0,0.000639,0.003837,0.002308,0.003510,0.000276,8.084,-3.107,25.24,17.00,ON
1100019,0.040556,33.0,0.000673,0.003791,0.001190,0.004792,0.000454,8.102,-3.090,25.22,17.40,ON
1102388,0.040622,33.0,0.000866,0.001972,0.001570,0.005663,0.000827,8.138,-3.053,25.20,17.60,ON
1104388,0.040806,33.0,0.000348,0.003409,0.002224,0.002802,0.000399,8.121,-3.071,25.20,17.80,OFF
1106420,0.000931,12.0,0.000132,0.000180,0.000120,0.000056,0.000012,8.131,-3.060,25.22,17.80,OFF
1108788,0.001011,12.0,0.000153,0.000142,0.000058,0.000074,0.000040,8.128,-3.064,25.24,17.60,ON
1110788,0.039777,33.0,0.000933,0.001338,0.002543,0.005684,0.002568,8.109,-3.083,25.26,17.00,ON
1112819,0.040468,33.0,0.001453,0.003505,0.000175,0.004824,0.000435,8.114,-3.078,25.28,16.80,ON
1115188,0.041287,33.0,0.001403,0.003190,0.001963,0.005404,0.000523,8.128,-3.064,25.28,16.40,ON
1117188,0.041291,33.0,0.000997,0.003361,0.000815,0.003245,0.000279,8.109,-3.083,25.26,16.20,ON
1119219,0.040105,32.0,0.000461,0.002704,0.000791,0.003414,0.001550,8.102,-3.090,25.24,16.40,OFF
1121589,0.001298,5.0,0.000187,0.000293,0.000114,0.000042,0.000009,8.116,-3.076,25.22,16.40,OFF
1123589,0.001303,5.0,0.000183,0.000394,0.000138,0.000102,0.000043,8.117,-3.074,25.20,16.20,OFF
1125619,0.038781,33.0,0.001122,0.001843,0.002092,0.005298,0.000793,8.105,-3.086,25.20,16.60,ON
1127988,0.039662,33.0,0.000572,0.001844,0.001266,0.004414,0.000907,8.128,-3.064,25.20,17.00,ON
1129988,0.040932,32.0,0.001312,0.003939,0.000406,0.001448,0.000456,8.112,-3.079,25.20,17.20,ON
1132019,0.039436,32.0,0.000211,0.002986,0.000776,0.004294,0.001339,8.124,-3.067,25.20,17.80,ON
1134388,0.040570,32.0,0.000161,0.004111,0.001285,0.004390,0.001181,8.116,-3.076,25.20,18.00,OFF
1136388,0.002040,4.0,0.000444,0.000360,0.000070,0.000138,0.000018,8.114,-3.078,25.20,17.80,OFF
1138420,0.001138,4.0,0.000180,0.000185,0.000237,0.000034,0.000012,8.157,-3.034,25.20,17.60,OFF
1140788,0.039841,33.0,0.000246,0.001907,0.001091,0.006068,0.000629,8.112,-3.079,25.20,17.20,ON
1142788,0.039371,32.0,0.000336,0.003195,0.001511,0.002420,0.000371,8.114,-3.078,25.20,16.60,ON
1144819,0.040234,33.0,0.001397,0.001788,0.001896,0.005228,0.000242,8.116,-3.076,25.20,16.60,ON
1147188,0.039528,32.0,0.001043,0.002962,0.001086,0.004853,0.000625,8.122,-3.069,25.20,16.80,ON
1149188,0.043139,32.0,0.000972,0.000884,0.001829,0.005058,0.001351,8.112,-3.079,25.20,17.00,ON
1151221,0.001976,5.0,0.000245,0.000346,0.000339,0.000076,0.000155,8.098,-3.093,25.20,17.60,OFF
1153589,0.001430,9.0,0.000189,0.000105,0.000317,0.000174,0.000011,8.167,-3.024,25.20,17.60,OFF
1155589,0.002056,7.0,0.000131,0.000244,0.000268,0.000174,0.000042,8.114,-3.078,25.20,17.40,ON
1157619,0.040318,33.0,0.000842,0.001171,0.001551,0.006814,0.000811,8.100,-3.091,25.20,17.20,ON
1159988,0.039325,33.0,0.001007,0.003261,0.001536,0.004529,0.000780,8.110,-3.081,25.20,17.00,ON
1161988,0.037821,33.0,0.000606,0.002296,0.000399,0.003549,0.000361,8.090,-3.102,25.20,16.60,ON
1164019,0.040314,32.0,0.000991,0.003702,0.000970,0.003863,0.000746,8.133,-3.059,25.20,17.00,ON
1166390,0.001814,3.0,0.000270,0.000222,0.000090,0.000035,0.000039,8.119,-3.072,25.20,17.20,OFF
1168390,0.001167,11.0,0.000096,0.000079,0.000194,0.000098,0.000006,8.124,-3.067,25.20,17.20,OFF
1170420,0.001039,16.0,0.000163,0.000179,0.000186,0.000011,0.000015,8.107,-3.084,25.20,17.00,ON
1172788,0.038799,33.0,0.001307,0.001409,0.001584,0.004456,0.003198,8.122,-3.069,25.20,17.00,ON
1174788,0.041017,33.0,0.001136,0.003413,0.002090,0.006542,0.000869,8.126,-3.066,25.20,16.80,ON
1176819,0.037690,33.0,0.000439,0.002200,0.001356,0.003830,0.000294,8.140,-3.052,25.20,17.00,ON
1179187,0.039280,33.0,0.000520,0.002761,0.000281,0.004463,0.001345,8.098,-3.093,25.18,17.00,ON
1181187,0.038603,33.0,0.000424,0.003148,0.000339,0.000108,0.000107,8.122,-3.069,25.16,17.20,OFF
1183220,0.002210,17.0,0.000070,0.000317,0.000126,0.000175,0.000070,8.141,-3.050,25.16,17.20,OFF
1185589,0.001432,8.0,0.000161,0.000197,0.000291,0.000063,0.000032,8.103,-3.088,25.16,17.20,ON
1187589,0.039905,33.0,0.000610,0.002651,0.002184,0.006568,0.001525,8.143,-3.048,25.16,17.00,ON
1189619,0.039592,32.0,0.001145,0.003879,0.000137,0.004069,0.001032,8.122,-3.069,25.16,17.20,ON
1191988,0.039897,33.0,0.001120,0.003007,0.001765,0.004524,0.001067,8.133,-3.059,25.18,17.20,ON
1193988,0.039223,32.0,0.000282,0.003029,0.001335,0.000794,0.000780,8.117,-3.074,25.18,17.20,ON
1196019,0.040578,32.0,0.000244,0.004155,0.001316,0.004063,0.000845,8.103,-3.088,25.18,17.60,OFF
1198389,0.001639,3.0,0.000244,0.000102,0.000277,0.000225,0.000037,8.119,-3.072,25.18,17.60,OFF
1200389,0.001150,9.0,0.000112,0.000144,0.000235,0.000153,0.000016,8.110,-3.081,25.20,17.40,OFF
1202419,0.040363,33.0,0.000930,0.003247,0.002761,0.006999,0.003060,8.107,-3.084,25.20,17.60,ON
1204788,0.039219,33.0,0.001199,0.001772,0.001985,0.006183,0.002148,8.114,-3.078,25.20,17.60,ON
1206788,0.038783,32.0,0.000482,0.003734,0.001604,0.001311,0.000481,8.129,-3.062,25.20,17.20,ON
1208819,0.038852,32.0,0.000845,0.001750,0.000724,0.004268,0.000641,8.100,-3.091,25.20,17.40,ON
1211188,0.040315,32.0,0.000534,0.003811,0.000570,0.004441,0.001154,8.100,-3.091,25.20,16.80,OFF
1213188,0.001395,6.0,0.000189,0.000201,0.000166,0.000101,0.000026,8.112,-3.079,25.20,16.00,OFF
1215220,0.001228,14.0,0.000144,0.000225,0.000164,0.000109,0.000010,8.116,-3.076,25.20,16.20,OFF
1217588,0.037830,33.0,0.000730,0.000801,0.000980,0.005446,0.001196,8.102,-3.090,25.20,16.00,ON
1219588,0.038820,33.0,0.000401,0.002695,0.000763,0.004239,0.000493,8.121,-3.071,25.20,15.60,ON
1221619,0.040142,32.0,0.000474,0.003062,0.001692,0.003408,0.001211,8.117,-3.074,25.20,16.40,ON
1223988,0.039435,32.0,0.000631,0.002310,0.001330,0.004315,0.001372,8.119,-3.072,25.20,17.00,ON
1225988,0.039523,32.0,0.000426,0.003160,0.000807,0.002429,0.001153,8.110,-3.081,25.20,16.80,ON
1228020,0.001273,1.0,0.000055,0.000148,0.000065,0.000099,0.000020,8.105,-3.086,25.20,17.20,OFF
1230389,0.001472,2.0,0.000343,0.000265,0.000225,0.000170,0.000006,8.133,-3.059,25.20,17.40,OFF
1232389,0.001284,12.0,0.000175,0.000123,0.000102,0.000052,0.000016,8.141,-3.050,25.20,17.20,ON
1234419,0.039258,33.0,0.000494,0.001932,0.000179,0.005961,0.001719,8.131,-3.060,25.20,17.40,ON
1236788,0.039854,33.0,0.001257,0.002006,0.000484,0.005731,0.000557,8.131,-3.060,25.22,17.40,ON
1238788,0.037576,33.0,0.000621,0.002591,0.001036,0.001439,0.000317,8.114,-3.078,25.24,17.20,ON
1240819,0.039942,32.0,0.001368,0.003829,0.001390,0.003846,0.001141,8.100,-3.091,25.24,17.60,ON
1243190,0.001758,5.0,0.000374,0.000477,0.000254,0.000058,0.000035,8.102,-3.090,25.24,17.60,OFF
1245190,0.001161,10.0,0.000048,0.000107,0.000255,0.000079,0.000026,8.114,-3.078,25.24,17.40,OFF
1247220,0.001272,4.0,0.000200,0.000353,0.000209,0.000090,0.000017,8.124,-3.067,25.24,17.40,ON
1249587,0.037400,33.0,0.000508,0.000710,0.000739,0.005186,0.000857,8.105,-3.086,25.22,17.20,ON
1251587,0.037671,33.0,0.000988,0.003172,0.001660,0.002767,0.000254,8.112,-3.079,25.22,16.60,ON
1253619,0.039201,32.0,0.000431,0.003810,0.000840,0.003705,0.001150,8.119,-3.072,25.22,16.60,ON
1255988,0.039108,32.0,0.000471,0.002991,0.001482,0.004758,0.000834,8.126,-3.066,25.20,16.40,ON
1257988,0.038066,33.0,0.000640,0.002835,0.000941,0.003333,0.000334,8.119,-3.072,25.16,16.20,OFF
1260020,0.001396,17.0,0.000093,0.000029,0.000121,0.000210,0.000032,8.116,-3.076,25.16,16.40,OFF
1262389,0.001538,22.0,0.000288,0.000082,0.000261,0.000192,0.000027,8.126,-3.066,25.14,16.40,ON
1264389,0.037652,34.0,0.001858,0.001120,0.003275,0.001483,0.006552,8.097,-3.095,25.12,16.20,ON
1266420,0.038699,33.0,0.000983,0.001669,0.000452,0.006108,0.002871,8.124,-3.067,25.14,16.60,ON
1268788,0.038014,33.0,0.000683,0.001915,0.001171,0.004905,0.003085,8.122,-3.069,25.16,16.60,ON
1270788,0.039383,33.0,0.001548,0.002687,0.001306,0.006218,0.001722,8.129,-3.062,25.16,16.40,ON
1272819,0.038804,33.0,0.000815,0.002142,0.001126,0.004545,0.000519,8.121,-3.071,25.18,16.60,OFF
1275189,0.001465,8.0,0.000299,0.000082,0.000288,0.000086,0.000028,8.122,-3.069,25.20,16.60,OFF
1277189,0.001117,4.0,0.000087,0.000285,0.000176,0.000053,0.000011,8.097,-3.095,25.20,16.20,OFF
1279219,0.037491,33.0,0.000461,0.001124,0.001745,0.004916,0.002451,8.093,-3.098,25.20,16.40,ON
1281588,0.039806,33.0,0.000671,0.002247,0.001004,0.004772,0.001948,8.100,-3.091,25.20,16.80,ON
1283588,0.039168,34.0,0.002316,0.000844,0.002183,0.005111,0.004063,8.117,-3.074,25.20,17.00,ON
1285619,0.038613,33.0,0.001015,0.001293,0.000943,0.006151,0.001594,8.098,-3.093,25.20,17.40,ON
1287988,0.039843,33.0,0.000221,0.003309,0.001736,0.006036,0.000656,8.114,-3.078,25.22,17.60,OFF
1289988,0.001284,2.0,0.000353,0.000088,0.000019,0.000051,0.000001,8.095,-3.097,25.24,17.60,OFF
1292020,0.001063,5.0,0.000179,0.000274,0.000030,0.000118,0.000010,8.105,-3.086,25.24,17.20,OFF
1294388,0.039461,34.0,0.001065,0.002686,0.001104,0.003084,0.001572,8.112,-3.079,25.24,16.80,ON
1296388,0.044855,34.0,0.003394,0.003489,0.000783,0.002758,0.010208,8.103,-3.088,25.24,16.40,ON
1298420,0.040537,34.0,0.002543,0.001218,0.003118,0.000625,0.007609,8.109,-3.083,25.22,16.60,ON
1300788,0.040368,34.0,0.002129,0.002567,0.002099,0.003901,0.003262,8.119,-3.072,25.20,16.60,ON
1302788,0.043439,34.0,0.004586,0.002013,0.002963,0.003081,0.006556,8.116,-3.076,25.20,16.80,ON
1304820,0.001633,2.0,0.000400,0.000132,0.000045,0.000160,0.000008,8.097,-3.095,25.20,17.20,OFF
1307189,0.001000,6.0,0.000088,0.000233,0.000052,0.000173,0.000017,8.133,-3.059,25.18,17.40,OFF
1309189,0.001073,4.0,0.000084,0.000224,0.000135,0.000152,0.000047,8.126,-3.066,25.16,17.20,ON
1311219,0.040585,34.0,0.002911,0.001545,0.004124,0.002273,0.005884,8.131,-3.060,25.16,17.20,ON
1313589,0.041408,34.0,0.000728,0.002062,0.000794,0.003615,0.003367,8.122,-3.069,25.16,17.20,ON
1315589,0.041547,34.0,0.001105,0.004489,0.001828,0.003357,0.004632,8.124,-3.067,25.16,17.00,ON
1317619,0.043586,34.0,0.000688,0.003074,0.002848,0.006414,0.003032,8.129,-3.062,25.18,17.20,ON
1319989,0.001570,2.0,0.000514,0.000298,0.000191,0.000064,0.000021,8.128,-3.064,25.18,17.20,OFF
1321989,0.001623,5.0,0.000282,0.000417,0.000401,0.000170,0.000010,8.116,-3.076,25.16,17.20,OFF
1324019,0.002036,3.0,0.000500,0.000337,0.000208,0.000048,0.000014,8.110,-3.081,25.16,17.20,ON
1326389,0.040716,34.0,0.004390,0.002098,0.003685,0.001099,0.006429,8.128,-3.064,25.16,17.20,ON
1328389,0.040629,34.0,0.001945,0.002918,0.000317,0.002726,0.006298,8.314,-2.878,25.16,17.00,ON
1330419,0.037646,33.0,0.000830,0.001556,0.002637,0.004699,0.002848,8.434,-2.757,25.18,17.20,ON
1332788,0.027035,33.0,0.000855,0.001061,0.000022,0.003416,0.000531,7.753,-3.438,25.20,17.00,ON
1334788,0.026390,32.0,0.000280,0.000187,0.000142,0.001900,0.000694,7.640,-3.552,25.20,16.80,OFF
1336820,0.001563,4.0,0.000144,0.000231,0.000201,0.000065,0.000010,7.717,-3.474,25.20,17.00,OFF
1339189,0.007010,5.0,0.001100,0.002374,0.001726,0.000181,0.000036,7.743,-3.448,25.20,16.80,ON
1341189,0.027547,34.0,0.001607,0.000438,0.002085,0.002772,0.003352,7.638,-3.553,25.20,16.40,ON
1343219,0.027718,33.0,0.001702,0.001217,0.000225,0.003583,0.001814,7.610,-3.581,25.20,16.80,ON
1345589,0.068182,12.0,0.003173,0.009607,0.007014,0.011900,0.001315,7.416,-3.776,25.20,16.80,ON
1347589,0.029315,32.0,0.005779,0.003023,0.001014,0.003063,0.000981,7.281,-3.910,25.20,16.40,ON
1349619,0.026699,3.0,0.006568,0.002126,0.001806,0.001608,0.001635,7.334,-3.857,25.20,16.80,OFF
1351988,0.034216,4.0,0.007545,0.007162,0.005276,0.002300,0.000285,7.286,-3.905,25.20,16.80,OFF
1353988,0.001939,3.0,0.000729,0.000345,0.000166,0.000071,0.000013,7.228,-3.964,25.20,16.40,OFF
1356018,0.048940,33.0,0.001009,0.001565,0.001154,0.003329,0.001027,7.236,-3.955,25.20,16.60,ON
1358389,0.026891,34.0,0.003854,0.003353,0.002599,0.003497,0.002514,7.234,-3.957,25.20,16.80,ON
1360389,0.043011,4.0,0.005825,0.010974,0.003596,0.005144,0.001956,7.469,-3.722,25.20,16.60,ON
1362419,0.040968,2.0,0.009166,0.005534,0.006436,0.005564,0.000812,7.540,-3.652,25.20,16.80,ON
1364789,0.032562,10.0,0.003198,0.002651,0.009832,0.001500,0.000948,7.284,-3.907,25.22,17.00,OFF
1366789,0.032933,6.0,0.001664,0.010520,0.008746,0.001303,0.000258,7.331,-3.860,25.24,17.00,OFF
1368818,0.069726,5.0,0.007332,0.024375,0.005160,0.002187,0.000255,7.281,-3.910,25.24,16.60,OFF
1371189,0.025301,8.0,0.002513,0.005804,0.001296,0.000824,0.000276,7.271,-3.921,25.24,16.20,ON
1373189,0.034561,34.0,0.002249,0.000353,0.003136,0.003657,0.005461,7.221,-3.971,25.24,15.80,ON
1375218,0.037362,34.0,0.001308,0.001446,0.002479,0.004125,0.003307,7.224,-3.967,25.24,16.00,ON
1377588,0.036227,34.0,0.001532,0.002007,0.002302,0.002075,0.001960,7.248,-3.943,25.24,15.80,ON
1379588,0.036503,34.0,0.001811,0.000657,0.003266,0.005645,0.006106,7.214,-3.978,25.26,16.00,ON
1381619,0.001618,8.0,0.000340,0.000036,0.000283,0.000064,0.000037,7.260,-3.931,25.28,16.40,OFF
1383989,0.001001,6.0,0.000125,0.000066,0.000151,0.000141,0.000020,7.243,-3.948,25.28,16.60,OFF
1385989,0.001495,7.0,0.000264,0.000188,0.000208,0.000068,0.000078,7.262,-3.929,25.26,16.20,ON
1388018,0.034838,34.0,0.001010,0.000819,0.003609,0.001294,0.008382,7.243,-3.948,25.26,16.40,ON
1390388,0.035020,34.0,0.001022,0.001882,0.003193,0.000309,0.007270,7.233,-3.959,25.26,16.40,ON
1392388,0.036533,34.0,0.001723,0.002907,0.003377,0.003281,0.008784,7.229,-3.962,25.26,16.20,ON
1394418,0.034093,34.0,0.001741,0.000554,0.002228,0.003102,0.004914,7.250,-3.941,25.28,16.60,ON
1396789,0.001271,5.0,0.000130,0.000390,0.000067,0.000041,0.000001,7.266,-3.926,25.32,16.60,OFF
1398789,0.001182,15.0,0.000208,0.000152,0.000186,0.000082,0.000009,7.195,-3.997,25.34,16.40,OFF
1400819,0.001234,11.0,0.000141,0.000148,0.000212,0.000097,0.000031,7.231,-3.960,25.34,16.20,ON
1403188,0.035258,34.0,0.002669,0.002093,0.002736,0.000452,0.008187,7.253,-3.938,25.34,16.00,ON
1405188,0.036180,33.0,0.002634,0.001562,0.004322,0.001873,0.009678,7.250,-3.941,25.34,15.40,ON
1407219,0.034033,34.0,0.003048,0.001850,0.002844,0.001590,0.007127,7.228,-3.964,25.32,15.60,ON
1409588,0.033708,34.0,0.002489,0.002064,0.002666,0.002105,0.004503,7.229,-3.962,25.30,15.60,ON
1411588,0.033716,34.0,0.001614,0.001460,0.001281,0.004153,0.005919,7.210,-3.981,25.30,15.80,OFF
1413619,0.001000,10.0,0.000114,0.000180,0.000212,0.000127,0.000022,7.233,-3.959,25.30,16.00,OFF
1415988,0.001565,3.0,0.000024,0.000140,0.000280,0.000080,0.000017,7.248,-3.943,25.30,16.00,ON
1417988,0.038306,34.0,0.001408,0.000642,0.002980,0.001165,0.002740,7.200,-3.991,25.30,15.60,ON
1420019,0.040306,34.0,0.003632,0.003039,0.004672,0.002196,0.010329,7.216,-3.976,25.30,15.60,ON
1422388,0.040247,34.0,0.001792,0.001603,0.004782,0.001707,0.007973,7.222,-3.969,25.30,15.60,ON
1424388,0.040896,34.0,0.002185,0.003385,0.002551,0.004302,0.008868,7.240,-3.952,25.30,15.60,ON
1426419,0.038333,34.0,0.000877,0.002355,0.001144,0.003566,0.005594,7.234,-3.957,25.30,16.00,OFF
1428788,0.045135,6.0,0.004631,0.007965,0.002695,0.001808,0.000160,7.278,-3.914,25.30,15.80,OFF
1430788,0.006878,6.0,0.001550,0.000431,0.000804,0.000218,0.000083,7.283,-3.909,25.30,15.40,OFF
1432818,0.067439,6.0,0.006624,0.008175,0.007391,0.001951,0.004370,7.150,-4.041,25.30,15.40,ON
1435188,0.055412,5.0,0.003331,0.010083,0.009694,0.002613,0.002305,7.171,-4.021,25.30,15.40,ON
1437188,0.017900,33.0,0.000405,0.000541,0.002808,0.001303,0.004907,7.250,-3.941,25.30,15.20,ON
1439218,0.026586,34.0,0.001717,0.000924,0.001057,0.003055,0.002972,7.271,-3.921,25.30,15.80,ON
1441588,0.026904,34.0,0.001359,0.001486,0.002794,0.001806,0.000558,7.253,-3.938,25.30,16.40,OFF
1443588,0.001904,3.0,0.000219,0.000318,0.000087,0.000246,0.000051,7.231,-3.960,25.30,16.60,OFF
1445619,0.001237,2.0,0.000375,0.000223,0.000295,0.000074,0.000005,7.241,-3.950,25.30,16.80,OFF
1447988,0.026384,34.0,0.001647,0.000517,0.001850,0.000922,0.008243,7.262,-3.929,25.30,16.60,ON
1449988,0.026011,33.0,0.001776,0.001088,0.001963,0.001111,0.005395,7.231,-3.960,25.30,16.20,ON
1452019,0.027247,34.0,0.001927,0.000589,0.003444,0.001730,0.007309,7.252,-3.940,25.30,16.20,ON
1454389,0.025918,34.0,0.001387,0.000833,0.002444,0.000112,0.006030,7.260,-3.931,25.30,16.00,ON
1456389,0.026399,33.0,0.000581,0.001845,0.002321,0.002162,0.007619,7.233,-3.959,25.30,15.80,ON
1458419,0.001411,3.0,0.000289,0.000298,0.000013,0.000146,0.000034,7.262,-3.929,25.30,16.40,OFF
1460788,0.001208,4.0,0.000167,0.000204,0.000048,0.000047,0.000047,7.238,-3.953,25.30,16.60,OFF
1462788,0.001226,5.0,0.000085,0.000319,0.000297,0.000118,0.000023,7.205,-3.986,25.30,16.40,ON
1464819,0.025525,34.0,0.001315,0.000840,0.002660,0.000973,0.006802,7.207,-3.984,25.32,16.40,ON
1467188,0.025638,34.0,0.001064,0.001246,0.002296,0.001107,0.004132,7.212,-3.979,25.34,16.40,ON
1469188,0.027255,34.0,0.000326,0.001589,0.003767,0.003066,0.006359,7.264,-3.928,25.36,16.00,ON
1471218,0.027560,34.0,0.000604,0.001700,0.002660,0.003569,0.002165,7.217,-3.974,25.36,16.60,ON
1473588,0.001352,4.0,0.000123,0.000182,0.000138,0.000050,0.000010,7.224,-3.967,25.38,16.60,OFF
1475588,0.001470,11.0,0.000234,0.000096,0.000231,0.000084,0.000009,7.226,-3.966,25.38,16.60,OFF
1477619,0.002097,3.0,0.000664,0.000277,0.000221,0.000124,0.000015,7.222,-3.969,25.36,16.60,ON
1479989,0.025945,34.0,0.000857,0.000900,0.003388,0.000998,0.006019,7.234,-3.957,25.34,16.80,ON
1481989,0.027014,33.0,0.000546,0.001490,0.004050,0.001081,0.007336,7.266,-3.926,25.34,16.40,ON
1484018,0.028017,34.0,0.000432,0.001090,0.003851,0.001643,0.004872,7.219,-3.972,25.34,16.40,ON
1486388,0.025300,34.0,0.001505,0.000422,0.001246,0.002108,0.002763,7.252,-3.940,25.32,16.20,ON
1488388,0.026714,34.0,0.001504,0.001006,0.002645,0.004309,0.003666,7.240,-3.952,25.32,16.00,OFF
1490418,0.002596,3.0,0.000766,0.000232,0.000309,0.000230,0.000057,7.234,-3.957,25.34,16.00,OFF
1492788,0.001051,9.0,0.000130,0.000083,0.000094,0.000130,0.000011,7.240,-3.952,25.36,15.40,ON
1494788,0.026859,34.0,0.002035,0.000503,0.001943,0.001241,0.003184,7.255,-3.936,25.36,15.00,ON
1496819,0.026078,34.0,0.001881,0.000753,0.002731,0.001532,0.004572,7.231,-3.960,25.36,15.20,ON
1499188,0.025213,34.0,0.001445,0.000551,0.001812,0.001244,0.001586,7.255,-3.936,25.38,15.40,ON
1501188,0.024725,34.0,0.002206,0.000878,0.000222,0.003165,0.002162,7.231,-3.960,25.38,15.20,ON
1503218,0.024983,33.0,0.001025,0.000626,0.000973,0.002123,0.000087,7.264,-3.928,25.38,15.60,OFF
1505589,0.001527,3.0,0.000345,0.000217,0.000085,0.000053,0.000029,7.241,-3.950,25.36,15.80,OFF
1507589,0.001329,4.0,0.000120,0.000135,0.000153,0.000063,0.000034,7.233,-3.959,25.36,15.60,OFF
1509619,0.026278,34.0,0.002110,0.000756,0.003370,0.000344,0.004998,7.222,-3.969,25.34,15.40,ON
1511988,0.025485,34.0,0.001032,0.000263,0.003478,0.001041,0.006127,7.236,-3.955,25.36,15.20,ON
1513988,0.024877,33.0,0.000498,0.001092,0.003684,0.000586,0.007242,7.231,-3.960,25.38,15.00,ON
1516019,0.025072,34.0,0.001040,0.000629,0.001868,0.001376,0.003774,7.250,-3.941,25.40,15.20,ON
1518388,0.025846,34.0,0.001183,0.000586,0.001677,0.001761,0.001144,7.257,-3.934,25.42,15.40,OFF
1520388,0.001661,2.0,0.000458,0.000105,0.000076,0.000058,0.000005,7.250,-3.941,25.44,15.60,OFF
1522419,0.001392,4.0,0.000080,0.000273,0.000137,0.000085,0.000021,7.253,-3.938,25.44,15.80,OFF
1524789,0.025895,34.0,0.001790,0.001143,0.002348,0.001556,0.006608,7.228,-3.964,25.40,15.80,ON
1526789,0.026852,33.0,0.001360,0.000588,0.003945,0.001580,0.007572,7.260,-3.931,25.38,15.60,ON
1528818,0.024963,34.0,0.001055,0.000610,0.002500,0.000358,0.003850,7.240,-3.952,25.36,15.80,ON
1531187,0.024273,33.0,0.001077,0.000157,0.000759,0.003257,0.001308,7.236,-3.955,25.36,15.60,ON
1533187,0.024519,33.0,0.000319,0.001860,0.000736,0.002824,0.000654,7.241,-3.950,25.34,15.40,ON
1535219,0.002069,4.0,0.000425,0.000163,0.000078,0.000101,0.000031,7.247,-3.945,25.36,15.80,OFF
1537589,0.001380,12.0,0.000258,0.000065,0.000343,0.000064,0.000019,7.243,-3.948,25.36,15.80,OFF
1539589,0.001622,5.0,0.000177,0.000468,0.000161,0.000081,0.000021,7.212,-3.979,25.36,15.40,ON
1541619,0.026146,34.0,0.001840,0.000544,0.002874,0.001394,0.005974,7.229,-3.962,25.34,15.40,ON
1543988,0.024806,34.0,0.001404,0.001036,0.001174,0.001789,0.002156,7.259,-3.933,25.32,15.40,ON
1545988,0.025084,34.0,0.001499,0.000761,0.000925,0.003794,0.001725,7.216,-3.976,25.30,15.00,ON
1548018,0.025850,34.0,0.000095,0.002074,0.001688,0.003662,0.001922,7.264,-3.928,25.32,15.20,ON
1550389,0.001351,6.0,0.000184,0.000131,0.000256,0.000095,0.000023,7.233,-3.959,25.34,15.40,OFF
1552389,0.001201,4.0,0.000114,0.000013,0.000187,0.000150,0.000035,7.202,-3.990,25.36,15.60,OFF
1554419,0.001328,8.0,0.000233,0.000229,0.000137,0.000016,0.000027,7.255,-3.936,25.40,15.80,ON
1556788,0.025562,34.0,0.000988,0.000410,0.003159,0.000801,0.003435,7.241,-3.950,25.44,15.80,ON
1558788,0.025983,34.0,0.001770,0.001199,0.003080,0.003473,0.003877,7.231,-3.960,25.46,15.60,ON
1560819,0.043651,34.0,0.002271,0.005643,0.003944,0.003566,0.003006,7.233,-3.959,25.44,15.80,ON
1563189,0.079535,2.0,0.015767,0.005999,0.003329,0.005204,0.002522,7.255,-3.936,25.44,15.60,ON
1565189,0.079210,34.0,0.014410,0.007827,0.011947,0.006999,0.005938,7.221,-3.971,25.42,15.40,OFF
1567219,0.056154,7.0,0.005991,0.004661,0.006845,0.010940,0.000212,7.240,-3.952,25.40,15.40,OFF
1569589,0.043257,6.0,0.005711,0.003155,0.002437,0.000332,0.000217,7.248,-3.943,25.38,15.20,ON
1571589,0.049936,35.0,0.005583,0.005238,0.004401,0.004329,0.012053,7.224,-3.967,25.40,14.60,ON
1573619,0.043007,34.0,0.002405,0.001944,0.003802,0.004906,0.004507,7.228,-3.964,25.40,14.80,ON
1575988,0.038499,34.0,0.002437,0.000316,0.001471,0.005854,0.001541,7.231,-3.960,25.38,14.80,ON
1577988,0.037393,34.0,0.002120,0.001048,0.003228,0.003853,0.005563,7.219,-3.972,25.36,14.80,ON
1580018,0.035687,33.0,0.001411,0.000589,0.000836,0.004149,0.002689,7.238,-3.953,25.36,15.20,OFF
1582389,0.001202,2.0,0.000385,0.000095,0.000192,0.000106,0.000009,7.252,-3.940,25.34,15.40,OFF
1584389,0.001155,9.0,0.000121,0.000047,0.000081,0.000099,0.000039,7.203,-3.988,25.32,15.20,OFF
1586419,0.035910,34.0,0.001671,0.002794,0.002673,0.002124,0.008180,7.224,-3.967,25.34,15.40,ON
1588788,0.034049,34.0,0.001554,0.000610,0.002140,0.002140,0.002610,7.241,-3.950,25.34,15.80,ON
1590788,0.034674,34.0,0.002357,0.000831,0.000526,0.004513,0.004319,7.234,-3.957,25.32,16.00,ON
1592818,0.034057,33.0,0.001694,0.001458,0.001082,0.004155,0.002319,7.259,-3.933,25.34,16.20,ON
1595188,0.031866,33.0,0.000114,0.001688,0.000305,0.004333,0.001529,7.241,-3.950,25.36,16.20,OFF
1597188,0.001818,4.0,0.000126,0.000118,0.000060,0.000061,0.000017,7.238,-3.953,25.36,16.00,OFF
1599219,0.021327,5.0,0.001072,0.007203,0.001838,0.001497,0.000451,7.259,-3.933,25.36,15.80,OFF
1601590,0.049362,34.0,0.006669,0.005098,0.006341,0.000635,0.006989,7.214,-3.978,25.36,15.40,ON
1603590,0.065946,34.0,0.006251,0.003638,0.014454,0.009509,0.007529,7.209,-3.983,25.34,15.20,ON
1605619,0.060084,33.0,0.004060,0.011015,0.002076,0.006575,0.002540,7.200,-3.991,25.34,15.60,ON
1607988,0.039940,33.0,0.003177,0.003189,0.003230,0.004572,0.001930,7.226,-3.966,25.32,15.60,ON
1609988,0.053293,33.0,0.003654,0.007219,0.001974,0.006677,0.002027,7.219,-3.972,25.32,15.40,ON
1612018,0.019548,3.0,0.005398,0.001947,0.000110,0.001467,0.000302,7.259,-3.933,25.32,15.80,OFF
1614389,0.020309,19.0,0.002947,0.002067,0.000215,0.002912,0.000219,7.198,-3.993,25.34,15.60,OFF
1616389,0.030303,3.0,0.008883,0.002364,0.001467,0.001246,0.000040,7.241,-3.950,25.34,15.00,ON
1618419,0.042251,34.0,0.001084,0.001391,0.005712,0.002989,0.006233,7.264,-3.928,25.36,15.20,ON
1620788,0.051429,34.0,0.002971,0.000269,0.005776,0.001841,0.002628,7.250,-3.941,25.36,15.20,ON
1622788,0.041475,34.0,0.002408,0.001650,0.004178,0.006028,0.004909,7.207,-3.984,25.36,14.80,ON
1624818,0.038047,33.0,0.001480,0.001298,0.000808,0.004093,0.002268,7.241,-3.950,25.34,15.20,ON
1627189,0.001530,2.0,0.000402,0.000191,0.000121,0.000168,0.000018,7.231,-3.960,25.36,15.40,OFF
1629189,0.007698,4.0,0.000553,0.002180,0.001164,0.000235,0.000067,7.245,-3.947,25.38,15.20,OFF
1631219,0.001490,9.0,0.000257,0.000255,0.000354,0.000080,0.000023,7.234,-3.957,25.38,15.20,ON
1633588,0.038975,34.0,0.002053,0.000530,0.004703,0.000896,0.009252,7.240,-3.952,25.40,15.20,ON
1635588,0.040494,34.0,0.002889,0.004000,0.003894,0.001623,0.008334,7.243,-3.948,25.42,15.00,ON
1637619,0.037884,34.0,0.002063,0.001002,0.003830,0.001817,0.007952,7.260,-3.931,25.40,15.20,ON
1639988,0.038247,34.0,0.001093,0.001339,0.004262,0.002949,0.002149,7.245,-3.947,25.40,15.60,ON
1641988,0.037086,34.0,0.002493,0.001327,0.001076,0.004599,0.003046,7.224,-3.967,25.44,16.00,OFF
1644019,0.001128,12.0,0.000029,0.000187,0.000169,0.000080,0.000038,7.210,-3.981,25.42,16.00,OFF
1646389,0.001333,11.0,0.000091,0.000293,0.000309,0.000106,0.000033,7.238,-3.953,25.40,16.00,ON
1648389,0.040869,33.0,0.000888,0.002031,0.005688,0.003239,0.011232,7.240,-3.952,25.38,15.80,ON
1650418,0.037664,34.0,0.001774,0.000489,0.003382,0.003254,0.003936,7.255,-3.936,25.38,15.60,ON
1652789,0.037941,34.0,0.002564,0.000895,0.002414,0.004396,0.001508,7.241,-3.950,25.34,15.20,ON
1654789,0.035831,34.0,0.001874,0.001877,0.000385,0.004458,0.002595,7.217,-3.974,25.34,15.20,ON
1656818,0.037793,33.0,0.002230,0.001276,0.003030,0.004210,0.002084,7.245,-3.947,25.34,15.40,OFF
1659189,0.001785,4.0,0.000216,0.000418,0.000379,0.000033,0.000018,7.240,-3.952,25.34,15.20,OFF
1661189,0.001750,4.0,0.000090,0.000491,0.000253,0.000059,0.000134,7.257,-3.934,25.30,14.80,OFF
1663219,0.036987,34.0,0.002633,0.000768,0.003237,0.001445,0.007271,7.253,-3.938,25.30,14.80,ON
1665589,0.039216,34.0,0.001856,0.002259,0.003245,0.001877,0.007588,7.252,-3.940,25.30,15.00,ON
1667589,0.038830,33.0,0.002916,0.001645,0.005008,0.001564,0.010808,7.307,-3.884,25.30,15.00,ON
1669620,0.031501,33.0,0.001742,0.001111,0.002093,0.003853,0.001480,8.022,-3.169,25.32,15.20,ON
1671988,0.031759,33.0,0.000531,0.001681,0.000696,0.005015,0.000212,8.883,-2.309,25.32,15.40,OFF
1673988,0.003315,7.0,0.000292,0.000358,0.000389,0.000108,0.000029,9.026,-2.166,25.32,15.40,OFF
1676021,0.001521,3.0,0.000309,0.000149,0.000163,0.000119,0.000006,9.041,-2.150,25.32,15.40,OFF
1678389,0.048090,34.0,0.004185,0.001687,0.006351,0.001258,0.006434,9.012,-2.179,25.32,15.20,ON
1680389,0.055013,34.0,0.003643,0.000842,0.004882,0.002513,0.004777,9.045,-2.147,25.30,15.20,ON
1682420,0.054494,33.0,0.002475,0.000676,0.000868,0.006314,0.000891,9.036,-2.155,25.30,15.40,ON
1684788,0.054975,33.0,0.004546,0.002322,0.002562,0.004506,0.001476,9.184,-2.007,25.30,15.40,ON
1686788,0.053379,33.0,0.003137,0.000662,0.001982,0.005483,0.001413,9.159,-2.033,25.30,15.20,ON
1688821,0.002222,6.0,0.000476,0.000228,0.000157,0.000054,0.000016,9.169,-2.022,25.30,15.40,OFF
1691189,0.001444,4.0,0.000261,0.000244,0.000097,0.000065,0.000023,9.181,-2.010,25.30,15.20,OFF
1693189,0.001537,3.0,0.000249,0.000162,0.000167,0.000154,0.000007,9.014,-2.178,25.30,14.80,ON
1695220,0.053378,33.0,0.004293,0.001913,0.003628,0.000772,0.003657,9.017,-2.174,25.30,15.00,ON
1697588,0.052837,33.0,0.002729,0.001609,0.001559,0.004658,0.004245,9.031,-2.160,25.30,15.20,ON
1699588,0.052584,33.0,0.000508,0.001593,0.001548,0.007232,0.001434,9.050,-2.141,25.30,15.20,ON
1701620,0.049424,33.0,0.000287,0.001837,0.000787,0.007756,0.000193,9.012,-2.179,25.30,15.40,ON
1703988,0.005928,3.0,0.001425,0.001175,0.000039,0.000065,0.000003,9.131,-2.060,25.30,15.80,OFF
1705988,0.002529,8.0,0.000684,0.000490,0.000167,0.000168,0.000010,9.084,-2.107,25.30,15.80,OFF
1708021,0.002595,2.0,0.001051,0.000294,0.000170,0.000137,0.000037,9.033,-2.159,25.30,15.80,ON
1710388,0.033697,32.0,0.001295,0.003226,0.001085,0.003081,0.000928,8.379,-2.812,25.30,15.80,ON
1712388,0.038198,32.0,0.000910,0.002795,0.001103,0.000777,0.000446,7.748,-3.443,25.30,16.00,ON
1714419,0.038913,33.0,0.000201,0.002243,0.000573,0.004027,0.000510,7.540,-3.652,25.30,16.20,ON
1716788,0.038512,33.0,0.001475,0.002707,0.000679,0.005063,0.000859,7.653,-3.538,25.30,16.40,ON
1718788,0.049523,32.0,0.001542,0.001071,0.001962,0.005765,0.001714,7.553,-3.638,25.30,16.60,OFF
1720819,0.017761,3.0,0.004697,0.003940,0.000544,0.000641,0.000165,7.579,-3.612,25.30,17.00,OFF
1723189,0.019031,2.0,0.004114,0.002243,0.001286,0.003796,0.000298,7.424,-3.767,25.30,16.60,ON
1725189,0.057274,33.0,0.008336,0.004278,0.005951,0.003583,0.000839,7.386,-3.805,25.30,16.00,ON
1727218,0.050867,32.0,0.010100,0.001547,0.002862,0.004899,0.001834,7.390,-3.802,25.28,15.80,ON
1729588,0.062640,32.0,0.008620,0.003053,0.002422,0.006385,0.001543,7.390,-3.802,25.28,15.80,ON
1731588,0.062460,32.0,0.001618,0.004301,0.001567,0.002250,0.001562,7.405,-3.786,25.28,15.60,ON
1733618,0.047476,32.0,0.000947,0.003409,0.003191,0.006944,0.002666,7.386,-3.805,25.28,16.20,OFF
1735988,0.001345,9.0,0.000150,0.000150,0.000214,0.000056,0.000032,7.383,-3.809,25.26,16.40,OFF
1737988,0.001347,3.0,0.000163,0.000296,0.000139,0.000069,0.000017,7.386,-3.805,25.26,16.20,OFF
1740019,0.044850,33.0,0.001445,0.002219,0.000585,0.005226,0.000149,7.403,-3.788,25.26,15.80,ON
1742388,0.040867,32.0,0.000564,0.003364,0.000123,0.005420,0.001579,7.379,-3.812,25.26,15.80,ON
1744388,0.040594,31.0,0.001579,0.000462,0.001530,0.005725,0.002281,7.398,-3.793,25.26,15.80,ON
1746418,0.040623,32.0,0.000684,0.003003,0.001282,0.007137,0.001968,7.391,-3.800,25.28,16.20,ON
1748788,0.040728,32.0,0.000674,0.001901,0.001392,0.004729,0.001158,7.400,-3.791,25.28,16.40,OFF
1750788,0.005917,5.0,0.000771,0.002792,0.000075,0.000153,0.000003,7.388,-3.803,25.26,16.60,OFF
1752819,0.001939,4.0,0.000041,0.000452,0.000135,0.000156,0.000007,7.400,-3.791,25.26,16.60,OFF
1755188,0.037546,33.0,0.001405,0.001410,0.001517,0.003056,0.001101,7.393,-3.798,25.26,16.20,ON
1757188,0.038385,33.0,0.001254,0.001125,0.001024,0.001102,0.000164,7.416,-3.776,25.26,15.80,ON
1759219,0.038738,32.0,0.001247,0.004661,0.000995,0.006564,0.001822,7.402,-3.790,25.26,16.00,ON
1761588,0.044640,32.0,0.000987,0.003313,0.001373,0.006219,0.001412,7.398,-3.793,25.26,16.00,ON
1763588,0.044988,31.0,0.001188,0.003754,0.002222,0.007642,0.002928,7.397,-3.795,25.24,15.80,ON
1765620,0.001947,7.0,0.000146,0.000456,0.000310,0.000042,0.000039,7.405,-3.786,25.24,16.20,OFF
1767989,0.001628,7.0,0.000238,0.000070,0.000389,0.000037,0.000023,7.388,-3.803,25.24,16.20,OFF
1769989,0.001525,12.0,0.000159,0.000083,0.000092,0.000075,0.000100,7.374,-3.817,25.26,15.80,ON
1772018,0.037575,33.0,0.001278,0.001051,0.000638,0.004488,0.002033,7.388,-3.803,25.26,16.00,ON
1774388,0.038170,33.0,0.001187,0.001181,0.000934,0.003737,0.001818,7.393,-3.798,25.28,16.40,ON
1776388,0.037540,33.0,0.001281,0.001732,0.000748,0.002324,0.000498,7.397,-3.795,25.28,16.60,ON
1778418,0.037508,33.0,0.000516,0.001125,0.000681,0.003316,0.000457,7.372,-3.819,25.28,17.00,ON
1780789,0.001597,6.0,0.000290,0.000300,0.000151,0.000113,0.000026,7.386,-3.805,25.26,17.20,OFF
1782789,0.001939,6.0,0.000121,0.000343,0.000076,0.000132,0.000006,7.405,-3.786,25.26,17.00,OFF
1784819,0.001813,3.0,0.000312,0.000238,0.000252,0.000114,0.000020,7.388,-3.803,25.26,16.60,ON
1787187,0.035082,33.0,0.001835,0.000332,0.001339,0.002518,0.002407,7.398,-3.793,25.26,16.40,ON
1789187,0.036248,33.0,0.001328,0.001203,0.001729,0.002564,0.000771,7.400,-3.791,25.26,16.40,ON
1791218,0.037700,33.0,0.001037,0.000984,0.000902,0.003980,0.000664,7.410,-3.781,25.26,16.80,ON
1793588,0.039532,32.0,0.000702,0.002250,0.000092,0.004830,0.001571,7.386,-3.805,25.28,16.80,ON
1795588,0.043782,32.0,0.002179,0.002663,0.001214,0.004488,0.001255,7.395,-3.797,25.28,16.80,OFF
1797620,0.002137,11.0,0.000200,0.000349,0.000344,0.000269,0.000035,7.398,-3.793,25.26,16.80,OFF
1799989,0.003137,4.0,0.000127,0.000735,0.000364,0.000090,0.000128,7.398,-3.793,25.26,16.60,ON
1801989,0.035798,34.0,0.001596,0.000806,0.001381,0.004927,0.003526,7.409,-3.783,25.28,16.20,ON
1804018,0.037714,33.0,0.001647,0.001445,0.000925,0.004469,0.000964,7.395,-3.797,25.28,16.80,ON
1806387,0.037934,33.0,0.001070,0.001640,0.000612,0.004865,0.000640,7.405,-3.786,25.26,17.20,ON
1808387,0.036978,32.0,0.000796,0.000507,0.000751,0.003369,0.000954,7.395,-3.797,25.26,17.40,ON
1810419,0.039060,32.0,0.001029,0.002414,0.001043,0.004763,0.001681,7.398,-3.793,25.26,17.80,OFF
1812790,0.023419,17.0,0.001680,0.004006,0.001863,0.001339,0.001166,7.414,-3.778,25.26,17.60,OFF
1814790,0.004463,4.0,0.000384,0.001129,0.000963,0.000272,0.000043,8.516,-2.676,25.26,16.80,OFF
1816822,0.043814,32.0,0.000626,0.001589,0.001154,0.003461,0.000670,9.917,-1.274,25.28,16.60,ON
1819188,0.046762,33.0,0.001260,0.001340,0.000633,0.006909,0.000760,10.850,-0.341,25.28,16.40,ON
1821188,0.046183,33.0,0.002892,0.001701,0.001924,0.003734,0.001607,10.498,-0.693,25.26,16.20,ON
1823222,0.047000,33.0,0.001119,0.002968,0.000542,0.005192,0.001030,10.731,-0.460,25.26,16.80,ON
1825589,0.045178,33.0,0.002327,0.000410,0.001990,0.005316,0.002111,10.679,-0.512,25.24,17.00,OFF
1827589,0.001242,3.0,0.000224,0.000196,0.000203,0.000067,0.000033,10.721,-0.471,25.22,16.80,OFF
1829623,0.000983,7.0,0.000166,0.000171,0.000020,0.000099,0.000027,10.712,-0.479,25.24,16.60,OFF
1831989,0.046766,33.0,0.003222,0.002924,0.001130,0.005666,0.001485,10.738,-0.453,25.26,16.20,ON
1833989,0.047170,33.0,0.002568,0.001494,0.002174,0.008066,0.002306,10.710,-0.481,25.26,15.60,ON
1836022,0.047331,33.0,0.002573,0.001490,0.000688,0.005174,0.001019,10.741,-0.450,25.26,15.60,ON
1838389,0.047503,33.0,0.002079,0.000620,0.001272,0.005536,0.000252,10.731,-0.460,25.28,15.80,ON
1840389,0.047042,32.0,0.001118,0.001275,0.001146,0.002610,0.000647,10.733,-0.459,25.28,16.00,ON
